orf_id_a	orf_id_b	result	source
1	54223	0.0	Lit-BS-LT-17
34	9681	0.0	Lit-NB-17
34	11996	1.0	Lit-BM-13
34	100000465	1.0	Lit-BM-HT-17
38	38	0.0	Lit-BS-LT-17
48	69	0.0	Lit-BS-LT-17
48	11100	0.0	Lit-BM-13
58	13195	0.0	Lit-BM-HT-17
65	8024	0.0	Lit-BM-LT-17
72	12311	0.0	Lit-NB-17
107	7467	0.0	Lit-BS-LT-17
107	9628	0.0	Lit-BM-13
110	110	0.0	Lit-BM-LT-17
113	3699	0.0	Lit-BS-HT-17
113	10618	0.0	Lit-BM-LT-17
113	53358	0.0	Lit-BS-HT-17
113	56157	0.0	Lit-BM-HT-17
130	2598	0.0	Lit-NB-17
137	4556	0.0	Lit-BS-LT-17
143	891	0.0	Lit-NB-17
156	13352	1.0	Lit-BS-HT-17
164	53687	0.0	Lit-BM-13
170	3944	1.0	Lit-BM-LT-17
208	10036	0.0	Lit-BM-13
208	100068511	0.0	Lit-BM-LT-17
209	12299	0.0	Lit-BM-LT-17
213	54451	0.0	Lit-NB-17
226	3177	0.0	Lit-NB-17
240	1485	0.0	Lit-NB-17
244	3011	0.0	Lit-BM-13
247	562	0.0	Lit-BS-HT-17
257	100015982	0.0	Lit-BS-HT-17
258	6319	0.0	Lit-BS-HT-17
258	100062247		Lit-BS-HT-17
269	7415	0.0	Lit-BS-HT-17
279	3339	1.0	Lit-BS-LT-17
304	3011	0.0	Lit-BM-HT-17
305	14543	0.0	Lit-BM-HT-17
330	100080778	0.0	Lit-NB-17
333	4158	0.0	Lit-BS-HT-17
333	100070284	0.0	Lit-BM-HT-17
339	100069198	0.0	Lit-BM-LT-17
356	72179	0.0	Lit-BS-LT-17
359	3625	0.0	Lit-BS-LT-17
383	383	1.0	Lit-BM-LT-17
383	7099	0.0	Lit-BS-LT-17
385	12016	0.0	Lit-BM-LT-17
392	55702	0.0	Lit-BM-13
397	56300	0.0	Lit-BM-LT-17
399	2987	0.0	Lit-BM-HT-17
399	6819	0.0	Lit-BM-HT-17
399	54902	0.0	Lit-BM-HT-17
402	12801	0.0	Lit-BS-HT-17
413	8196	0.0	Lit-BM-LT-17
442	909	0.0	Lit-BM-HT-17
459	1863	0.0	Lit-BS-HT-17
478	915	0.0	Lit-BM-HT-17
478	5743	0.0	Lit-BM-HT-17
490	72167	0.0	Lit-BM-LT-17
492	100000476		Lit-NB-17
499	14757	0.0	Lit-NB-17
503	52628	0.0	Lit-BM-LT-17
504	3332		Lit-NB-17
525	6947	0.0	Lit-NB-17
562	12196	0.0	Lit-BS-HT-17
570	2622	0.0	Lit-BM-LT-17
611	12224	0.0	Lit-BM-LT-17
624	4996	0.0	Lit-BM-LT-17
653	4544	1.0	Lit-BM-13
683	5109	0.0	Lit-BM-LT-17
693	14117	0.0	Lit-NB-17
714	13259	0.0	Lit-BS-HT-17
732	3706	0.0	Lit-BM-HT-17
732	56049	0.0	Lit-BS-LT-17
752	71056	0.0	Lit-BM-13
756	11706	0.0	Lit-BM-13
764	764		Lit-BM-LT-17
775	56340	0.0	Lit-BM-LT-17
801	14331	0.0	Lit-BM-13
807	70107	0.0	Lit-BM-LT-17
813	3677	0.0	Lit-NB-17
839	10547	0.0	Lit-BS-HT-17
850	2004	0.0	Lit-NB-17
858	56354	0.0	Lit-BS-LT-17
891	55203	0.0	Lit-BM-HT-17
909	6012	1.0	Lit-BM-HT-17
915	1045	0.0	Lit-BM-13
915	3030	0.0	Lit-BS-HT-17
915	7774	0.0	Lit-BM-HT-17
915	52875	0.0	Lit-BM-HT-17
949	55203	0.0	Lit-BM-HT-17
955	5819	0.0	Lit-BS-LT-17
955	56157	0.0	Lit-BS-HT-17
962	2706	0.0	Lit-BM-LT-17
966	100011425	1.0	Lit-BS-LT-17
1026	3529	0.0	Lit-BS-LT-17
1037	10358	0.0	Lit-BS-HT-17
1063	55809	0.0	Lit-BM-HT-17
1081	5109	0.0	Lit-BM-HT-17
1081	5512	0.0	Lit-NB-17
1136	7807	0.0	Lit-BS-HT-17
1136	100063969	0.0	Lit-BM-LT-17
1147	13519	0.0	Lit-BS-LT-17
1170	5001	0.0	Lit-BS-HT-17
1180	100011238	0.0	Lit-BM-13
1264	13195	0.0	Lit-BS-LT-17
1275	4262	1.0	Lit-BS-HT-17
1320	9620	0.0	Lit-BS-HT-17
1363	100067052	0.0	Lit-NB-17
1373	55313	0.0	Lit-BM-LT-17
1380	7925	0.0	Lit-NB-17
1380	100080614	0.0	Lit-BM-HT-17
1433	72068	0.0	Lit-BS-HT-17
1485	6038	0.0	Lit-BS-LT-17
1499	10853	0.0	Lit-BM-HT-17
1499	100009819	0.0	Lit-BM-HT-17
1522	1522	1.0	Lit-BS-LT-17
1528	71075	0.0	Lit-NB-17
1551	2961	0.0	Lit-BM-HT-17
1551	13596	0.0	Lit-NB-17
1551	100015523	0.0	Lit-BS-HT-17
1563	8208	0.0	Lit-BM-13
1571	9764	0.0	Lit-BM-13
1641	6808	0.0	Lit-BM-13
1653	14441	0.0	Lit-BM-LT-17
1660	3733	0.0	Lit-BS-HT-17
1661	13064	0.0	Lit-BS-LT-17
1689	4956	0.0	Lit-BM-13
1734	5350	0.0	Lit-NB-17
1812	6903	1.0	Lit-NB-17
1845	1845	1.0	Lit-BM-LT-17
1849	5898	0.0	Lit-BS-LT-17
1884	6709	0.0	Lit-BS-HT-17
1884	12344		Lit-BM-HT-17
1904	5652	0.0	Lit-BM-13
1919	9864	0.0	Lit-BM-HT-17
1919	11787	0.0	Lit-BM-LT-17
1967	12710	0.0	Lit-NB-17
1968	9498	0.0	Lit-BS-HT-17
1982	55213	0.0	Lit-BS-HT-17
1983	100069079		Lit-BS-HT-17
2004	6129	0.0	Lit-BS-LT-17
2004	71568	0.0	Lit-BS-LT-17
2032	9980	0.0	Lit-BS-HT-17
2058	55030	0.0	Lit-NB-17
2084	100009997	0.0	Lit-NB-17
2174	56166	0.0	Lit-BM-LT-17
2208	71484	1.0	Lit-NB-17
2214	4262	1.0	Lit-BM-HT-17
2245	14385	0.0	Lit-BM-HT-17
2261	4696	0.0	Lit-BS-HT-17
2283	2541		Lit-NB-17
2331	7119	0.0	Lit-BS-LT-17
2339	2339	0.0	Lit-BM-13
2393	11712	0.0	Lit-BS-HT-17
2397	4605	0.0	Lit-NB-17
2403	13442	0.0	Lit-BM-13
2405	100080796	0.0	Lit-BM-LT-17
2413	3469	0.0	Lit-NB-17
2421	4019	0.0	Lit-BS-HT-17
2424	100066431	0.0	Lit-BS-HT-17
2428	13748	0.0	Lit-BS-HT-17
2430	5515	1.0	Lit-BM-LT-17
2434	70513	0.0	Lit-BM-LT-17
2448	100010717	0.0	Lit-BS-LT-17
2453	6873	1.0	Lit-BS-HT-17
2483	7684	0.0	Lit-BM-13
2483	100070227	0.0	Lit-BM-HT-17
2486	3635	0.0	Lit-BM-HT-17
2486	12013	0.0	Lit-BS-HT-17
2503	6984	0.0	Lit-NB-17
2549	53934	0.0	Lit-BM-HT-17
2565	100010135	0.0	Lit-NB-17
2586	11474	0.0	Lit-NB-17
2589	14975	0.0	Lit-BS-HT-17
2595	55296	0.0	Lit-BS-LT-17
2633	7918	0.0	Lit-BM-LT-17
2656	71224	0.0	Lit-NB-17
2666	9751		Lit-BM-HT-17
2666	11826	0.0	Lit-BM-LT-17
2684	71827	0.0	Lit-NB-17
2687	2687	0.0	Lit-BM-LT-17
2697	10876	0.0	Lit-BM-13
2697	53258	0.0	Lit-BM-LT-17
2704	100061732	0.0	Lit-BM-LT-17
2709	11596	0.0	Lit-BS-HT-17
2709	11903	0.0	Lit-BM-13
2709	70529	0.0	Lit-BS-HT-17
2709	100015498	0.0	Lit-BM-HT-17
2709	100061861	1.0	Lit-BM-13
2710	6337	0.0	Lit-NB-17
2714	100080500	0.0	Lit-BM-LT-17
2718	5113	0.0	Lit-BM-LT-17
2738	100070020	0.0	Lit-BM-13
2741	55203	0.0	Lit-BM-HT-17
2747	14878	0.0	Lit-BS-HT-17
2778	3267	0.0	Lit-BM-13
2786	6053	0.0	Lit-BS-LT-17
2786	7587	0.0	Lit-BS-LT-17
2786	14385	0.0	Lit-BM-LT-17
2788	2788	1.0	Lit-BM-LT-17
2812	71567	0.0	Lit-BS-LT-17
2843	2843	0.0	Lit-BS-LT-17
2866	8321	0.0	Lit-BM-LT-17
2870	55203	0.0	Lit-BM-HT-17
2891	12480	0.0	Lit-BS-HT-17
2917	3273		Lit-BM-HT-17
2920	4126	0.0	Lit-BS-HT-17
2931	56157	0.0	Lit-BS-HT-17
2961	14149	0.0	Lit-BS-LT-17
2963	11712	0.0	Lit-BS-HT-17
2966	10125	0.0	Lit-BS-LT-17
2966	100008515	0.0	Lit-BS-LT-17
2978	53934	0.0	Lit-BS-HT-17
2984	52903	0.0	Lit-NB-17
3016	3016	0.0	Lit-BM-LT-17
3024	71264	0.0	Lit-BM-HT-17
3105	56808	0.0	Lit-NB-17
3110	100066557	0.0	Lit-BS-LT-17
3120	5998	0.0	Lit-BM-13
3120	100006572	0.0	Lit-NB-17
3135	5871	0.0	Lit-BS-LT-17
3143	14543	1.0	Lit-BM-HT-17
3152	3192	0.0	Lit-BM-HT-17
3152	3366	0.0	Lit-NB-17
3152	10857	0.0	Lit-BS-LT-17
3154	54157	0.0	Lit-BM-13
3154	71146	0.0	Lit-BM-HT-17
3155	3155	0.0	Lit-NB-17
3167	3908	0.0	Lit-BS-LT-17
3192	100064165	0.0	Lit-BM-13
3202	14994	0.0	Lit-BS-LT-17
3205	12070	0.0	Lit-BS-LT-17
3207	100015984	0.0	Lit-BS-HT-17
3242	6490	0.0	Lit-BS-LT-17
3243	14543	1.0	Lit-BM-HT-17
3250	100069132	0.0	Lit-BM-LT-17
3254	100009791	0.0	Lit-BS-LT-17
3257	11361	0.0	Lit-NB-17
3267	71767	0.0	Lit-BM-LT-17
3295	4072	1.0	Lit-BS-HT-17
3310	13645	0.0	Lit-BM-LT-17
3330	71003	0.0	Lit-BM-13
3336	13735	0.0	Lit-NB-17
3365	100009081	0.0	Lit-BS-HT-17
3380	3681	0.0	Lit-BS-HT-17
3380	4739	0.0	Lit-BM-HT-17
3380	12017	0.0	Lit-BM-HT-17
3390	56582	0.0	Lit-BS-LT-17
3390	100010017	1.0	Lit-NB-17
3411	5923	0.0	Lit-BM-LT-17
3428	6885	1.0	Lit-BM-13
3437	6180	1.0	Lit-BS-HT-17
3456	5158	0.0	Lit-BM-HT-17
3515	71334	0.0	Lit-NB-17
3521	3521	0.0	Lit-BS-LT-17
3528	54258	0.0	Lit-NB-17
3529	9747	0.0	Lit-BM-13
3557	53216		Lit-BS-LT-17
3568	10621	0.0	Lit-BS-LT-17
3571	10737	0.0	Lit-NB-17
3600	14737	0.0	Lit-NB-17
3625	100067498	0.0	Lit-BM-13
3633	70446	0.0	Lit-BM-LT-17
3648	4586	0.0	Lit-BM-LT-17
3657	14880	0.0	Lit-NB-17
3683	7898	0.0	Lit-BS-LT-17
3697	14691	0.0	Lit-BM-LT-17
3700	5516	1.0	Lit-NB-17
3700	5516	1.0	Lit-BM-13
3701	6224	0.0	Lit-BM-LT-17
3707	56141	0.0	Lit-NB-17
3715	10794	0.0	Lit-BM-HT-17
3715	11985	0.0	Lit-BS-HT-17
3722	7443	0.0	Lit-BM-LT-17
3723	71930	0.0	Lit-BM-13
3741	4187	0.0	Lit-BS-LT-17
3741	14543	0.0	Lit-BM-HT-17
3769	14441	0.0	Lit-BS-LT-17
3774	3774	1.0	Lit-BM-13
3782	10632	0.0	Lit-BS-HT-17
3820	100069087	0.0	Lit-BS-LT-17
3852	55205	0.0	Lit-BS-LT-17
3852	100062227	0.0	Lit-BS-HT-17
3858	14287	0.0	Lit-NB-17
3860	55203	0.0	Lit-BM-HT-17
3874	9987	0.0	Lit-BM-LT-17
3874	55203	0.0	Lit-BM-HT-17
3888	55203	0.0	Lit-BM-HT-17
3890	10719		Lit-BM-LT-17
3893	100008379	0.0	Lit-NB-17
3895	8905	0.0	Lit-NB-17
3898	6038	0.0	Lit-BS-HT-17
3902	4761	1.0	Lit-BM-13
3928	9899	0.0	Lit-BM-HT-17
3951	71568	0.0	Lit-BS-LT-17
3952	4262	0.0	Lit-BS-HT-17
3966	53258	0.0	Lit-NB-17
3970	100080388	0.0	Lit-NB-17
3971	5422	0.0	Lit-BM-LT-17
3978	71056	0.0	Lit-BM-LT-17
3990	5025	0.0	Lit-BS-HT-17
3990	5376	0.0	Lit-BS-HT-17
4001	5876	0.0	Lit-BM-HT-17
4004	6835	0.0	Lit-BM-13
4004	6853	0.0	Lit-BM-LT-17
4032	72151	0.0	Lit-BM-LT-17
4044	71557	0.0	Lit-BS-LT-17
4077	4453	0.0	Lit-BS-LT-17
4085	71965	0.0	Lit-BS-HT-17
4094	56074	0.0	Lit-BM-LT-17
4123	13328		Lit-BM-LT-17
4126	4126	0.0	Lit-BM-13
4126	5597	0.0	Lit-BM-13
4144	56067	0.0	Lit-BM-LT-17
4144	100015085	0.0	Lit-BM-HT-17
4160	100068202	0.0	Lit-NB-17
4233	10104	0.0	Lit-BM-LT-17
4251	9283	0.0	Lit-BS-LT-17
4262	5410	0.0	Lit-BM-HT-17
4262	13668	0.0	Lit-BM-HT-17
4262	100010602	1.0	Lit-BM-HT-17
4262	100080187	0.0	Lit-BM-HT-17
4265	11333	0.0	Lit-BM-HT-17
4333	4333	0.0	Lit-BM-HT-17
4340	4340	0.0	Lit-BM-LT-17
4350	7064	1.0	Lit-BM-LT-17
4361	9000	0.0	Lit-BM-13
4366	100070227	0.0	Lit-NB-17
4377	6347	0.0	Lit-NB-17
4384	4595	0.0	Lit-BM-HT-17
4421	4421		Lit-BM-HT-17
4421	53090		Lit-BM-HT-17
4439	80496	0.0	Lit-BS-HT-17
4448	14543	0.0	Lit-BM-HT-17
4452	5200	0.0	Lit-BM-HT-17
4453	12865	0.0	Lit-BM-HT-17
4467	14543	0.0	Lit-BS-HT-17
4489	5638	0.0	Lit-BM-13
4533	5526	0.0	Lit-NB-17
4533	100062247	0.0	Lit-BS-HT-17
4540	71180	0.0	Lit-BS-LT-17
4543	5228	0.0	Lit-BM-LT-17
4543	9722	0.0	Lit-BM-LT-17
4544	6715	0.0	Lit-NB-17
4551	55699	0.0	Lit-BM-HT-17
4554	11484	0.0	Lit-BM-HT-17
4558	70285	0.0	Lit-BS-LT-17
4573	4573	0.0	Lit-BM-13
4586	53934	0.0	Lit-BS-LT-17
4595	5109	0.0	Lit-BM-HT-17
4621	6135	0.0	Lit-NB-17
4632	71997	0.0	Lit-BM-HT-17
4660	6768	1.0	Lit-BM-13
4671	4671	0.0	Lit-BM-LT-17
4683	5998	0.0	Lit-BS-HT-17
4689	5957	0.0	Lit-BM-HT-17
4702	14543	0.0	Lit-BM-HT-17
4711	4711	0.0	Lit-BM-LT-17
4718	10632	0.0	Lit-BM-LT-17
4755	100011512	0.0	Lit-BS-HT-17
4757	4757	0.0	Lit-BM-HT-17
4764	55210	0.0	Lit-BS-LT-17
4808	10420	0.0	Lit-BS-HT-17
4808	14543	0.0	Lit-BM-HT-17
4810	70679	0.0	Lit-NB-17
4852	10165	0.0	Lit-BS-LT-17
4884	53934	0.0	Lit-BS-HT-17
4887	6699	0.0	Lit-BM-LT-17
4892	100066353	0.0	Lit-NB-17
4899	5280	0.0	Lit-BM-13
4960	4960	0.0	Lit-BS-LT-17
4960	72129	0.0	Lit-BS-HT-17
5001	11923	0.0	Lit-BS-HT-17
5001	13246	0.0	Lit-BS-HT-17
5001	71184	0.0	Lit-BM-HT-17
5029	71311	0.0	Lit-BM-13
5059	55203	0.0	Lit-BM-HT-17
5061	100010963	0.0	Lit-BM-HT-17
5066	5219	0.0	Lit-BM-HT-17
5082	100067228	1.0	Lit-BS-LT-17
5093	5673	0.0	Lit-BS-HT-17
5105	8329	0.0	Lit-BS-HT-17
5105	13306		Lit-NB-17
5109	5903	0.0	Lit-NB-17
5109	12245	0.0	Lit-NB-17
5109	100015531	0.0	Lit-BM-HT-17
5135	14543	0.0	Lit-BM-HT-17
5135	14620	0.0	Lit-NB-17
5138	5225	0.0	Lit-NB-17
5140	12403	1.0	Lit-BS-HT-17
5158	14115	0.0	Lit-NB-17
5175	5441	0.0	Lit-BM-HT-17
5181	5181	1.0	Lit-BM-13
5219	55205	0.0	Lit-BM-LT-17
5228	7273	0.0	Lit-BM-LT-17
5244	100008918	0.0	Lit-NB-17
5270	9493	0.0	Lit-BS-HT-17
5274	14891	0.0	Lit-BS-LT-17
5317	11063	0.0	Lit-NB-17
5317	100014538	0.0	Lit-NB-17
5348	10194	0.0	Lit-BM-LT-17
5348	12474	0.0	Lit-BM-LT-17
5348	13962	0.0	Lit-BM-HT-17
5500	10663	0.0	Lit-BS-HT-17
5516	100068271	0.0	Lit-BS-HT-17
5519	5818	0.0	Lit-NB-17
5554	10058	0.0	Lit-NB-17
5627	14514	0.0	Lit-BM-LT-17
5674	70910	1.0	Lit-BM-HT-17
5675	5675	0.0	Lit-BS-HT-17
5767	56356	0.0	Lit-NB-17
5788	100011091	0.0	Lit-NB-17
5823	70204	0.0	Lit-BS-HT-17
5861	14543	0.0	Lit-BM-HT-17
5864	14441	0.0	Lit-BS-LT-17
5874	100080502	0.0	Lit-BS-HT-17
5876	71961	0.0	Lit-BM-LT-17
5897	11079	0.0	Lit-NB-17
5898	100015528	0.0	Lit-BS-LT-17
5912	71645	0.0	Lit-NB-17
5920	100011091	0.0	Lit-NB-17
5930	70857	0.0	Lit-NB-17
5933	100001632	0.0	Lit-BS-HT-17
5943	56696	0.0	Lit-BS-HT-17
5949	100008556	0.0	Lit-BS-HT-17
5951	5951	1.0	Lit-BM-13
5962	71721		Lit-BM-LT-17
5964	5964	0.0	Lit-BM-LT-17
5970	11786	0.0	Lit-BM-13
5979	14176	0.0	Lit-NB-17
5980	100069121	0.0	Lit-BM-13
5988	14543	0.0	Lit-BM-HT-17
5989	6970	0.0	Lit-BS-LT-17
6003	6449	0.0	Lit-BM-13
6072	71986	0.0	Lit-BS-HT-17
6097	55309	0.0	Lit-NB-17
6123	100000286	0.0	Lit-BS-LT-17
6129	6701	0.0	Lit-BS-LT-17
6135	72129	0.0	Lit-NB-17
6141	6784	0.0	Lit-BS-HT-17
6157	100063943	0.0	Lit-BM-HT-17
6158	100011133	0.0	Lit-BM-LT-17
6175	100009829	0.0	Lit-BM-HT-17
6175	100015231	0.0	Lit-NB-17
6191	8626	0.0	Lit-BM-LT-17
6191	13131	0.0	Lit-NB-17
6197	7250	0.0	Lit-BS-HT-17
6221	56575	0.0	Lit-NB-17
6221	100061562	0.0	Lit-BM-13
6297	10794	0.0	Lit-BM-13
6306	53767	0.0	Lit-BS-HT-17
6337	54150	0.0	Lit-BM-LT-17
6349	7270	0.0	Lit-BS-HT-17
6440	71043	1.0	Lit-BM-LT-17
6452	70281	0.0	Lit-BM-13
6488	56919	0.0	Lit-BM-LT-17
6490	11403	0.0	Lit-BM-LT-17
6492	13177	0.0	Lit-BM-13
6512	6512	0.0	Lit-BM-LT-17
6523	55729	0.0	Lit-NB-17
6559	8010	0.0	Lit-BM-HT-17
6560	11729	0.0	Lit-NB-17
6631	100015231	0.0	Lit-BS-HT-17
6659	55855	0.0	Lit-NB-17
6669	8010	0.0	Lit-BS-HT-17
6680	100009114	0.0	Lit-BM-LT-17
6709	10047	0.0	Lit-BS-LT-17
6765	100009130	0.0	Lit-BS-HT-17
6768	7342	0.0	Lit-BS-LT-17
6770	12260	0.0	Lit-BS-LT-17
6838	13451	0.0	Lit-BM-HT-17
6912	80289	1.0	Lit-BS-LT-17
6912	100009797	1.0	Lit-BM-13
6916	9283	0.0	Lit-BS-LT-17
6933	12877	0.0	Lit-BS-LT-17
6935	14755	0.0	Lit-BM-HT-17
6935	100002314	0.0	Lit-BM-HT-17
6970	7938		Lit-BM-13
6970	100008839	0.0	Lit-BS-LT-17
6976	71184	0.0	Lit-BM-LT-17
6976	71829	0.0	Lit-BM-13
6982	13917	0.0	Lit-BM-LT-17
7011	10846	0.0	Lit-BS-HT-17
7038	14377		Lit-BM-LT-17
7045	8504	0.0	Lit-BM-13
7045	71679		Lit-BS-LT-17
7063	71264	0.0	Lit-BM-HT-17
7064	13171	1.0	Lit-BM-HT-17
7076	10300	0.0	Lit-BM-HT-17
7076	14239	0.0	Lit-BS-HT-17
7119	100014292	0.0	Lit-BS-HT-17
7123	7733	0.0	Lit-BS-HT-17
7142	100062353	0.0	Lit-BS-LT-17
7198	7562	0.0	Lit-BS-HT-17
7268	54057	0.0	Lit-BS-HT-17
7342	72163	0.0	Lit-NB-17
7372	9955	0.0	Lit-NB-17
7415	12880	0.0	Lit-BS-HT-17
7439	71538	1.0	Lit-BS-LT-17
7442	11806	0.0	Lit-BM-LT-17
7450	11305	0.0	Lit-NB-17
7515	11214	0.0	Lit-BM-LT-17
7582	9895	0.0	Lit-BS-LT-17
7582	71257	0.0	Lit-BM-LT-17
7587	52905	0.0	Lit-BM-13
7587	52987	0.0	Lit-BM-13
7587	100011516	0.0	Lit-BS-HT-17
7625	8626	0.0	Lit-BS-LT-17
7630	10705	0.0	Lit-BS-LT-17
7678	9233	0.0	Lit-BM-LT-17
7682	10163	0.0	Lit-BS-LT-17
7727	12865	0.0	Lit-BM-HT-17
7727	12900	0.0	Lit-BS-HT-17
7727	56541	0.0	Lit-BM-HT-17
7742	13451		Lit-BM-HT-17
7776	14830	0.0	Lit-BS-HT-17
7792	7792	1.0	Lit-BS-LT-17
7847	100068202	0.0	Lit-NB-17
7925	8102	0.0	Lit-NB-17
7959	70300	0.0	Lit-BM-13
7980	7980	0.0	Lit-BM-13
8000	14543	0.0	Lit-BM-HT-17
8010	10155	0.0	Lit-BM-HT-17
8010	100080764	0.0	Lit-BM-LT-17
8117	12330	0.0	Lit-NB-17
8122	8536	0.0	Lit-BM-LT-17
8141	100015986	0.0	Lit-BS-HT-17
8186	56109	0.0	Lit-BS-LT-17
8274	11563	0.0	Lit-BM-13
8309	55853	0.0	Lit-BS-LT-17
8409	100000049	0.0	Lit-BS-HT-17
8464	13781	0.0	Lit-BS-LT-17
8626	10726	0.0	Lit-BM-LT-17
8795	100011133	0.0	Lit-BM-LT-17
8904	14543	0.0	Lit-BM-HT-17
8945	56858	0.0	Lit-NB-17
9104	10069	0.0	Lit-NB-17
9159	56690	0.0	Lit-BS-LT-17
9159	100009783	0.0	Lit-BM-LT-17
9215	12304	0.0	Lit-BM-13
9293	9293	0.0	Lit-BM-LT-17
9326	54589	0.0	Lit-NB-17
9336	9336	0.0	Lit-BS-LT-17
9384	56354	0.0	Lit-BS-LT-17
9587	12337	0.0	Lit-BS-LT-17
9627	55205	0.0	Lit-BS-LT-17
9635	9635	0.0	Lit-BS-LT-17
9734	10839	0.0	Lit-BS-HT-17
9739	13125	0.0	Lit-NB-17
9763	52848	0.0	Lit-NB-17
9764	10616	0.0	Lit-BS-HT-17
9820	14368	0.0	Lit-NB-17
9831	13842	0.0	Lit-NB-17
9833	55205		Lit-BS-LT-17
9844	56664	0.0	Lit-BM-LT-17
9868	9868	0.0	Lit-BM-13
9878	10123		Lit-BM-HT-17
9924	12346	0.0	Lit-BM-13
9926	11305	0.0	Lit-NB-17
9969	10667	0.0	Lit-NB-17
9996	14543	0.0	Lit-BM-HT-17
9998	56382	1.0	Lit-BM-LT-17
10053	13665	0.0	Lit-BM-LT-17
10078	11729		Lit-NB-17
10081	11996	0.0	Lit-BS-HT-17
10117	100009829	0.0	Lit-BM-HT-17
10122	71078	0.0	Lit-BS-LT-17
10155	100009982	0.0	Lit-NB-17
10160	11727	0.0	Lit-BM-LT-17
10163	56248	0.0	Lit-BM-13
10224	13622	0.0	Lit-BM-LT-17
10250	71289		Lit-BS-HT-17
10280	56919	0.0	Lit-BM-13
10312	72128		Lit-NB-17
10352	12559	0.0	Lit-BS-HT-17
10373	14554	0.0	Lit-BM-LT-17
10394	10394	0.0	Lit-BS-LT-17
10493	71003	1.0	Lit-BM-13
10525	56684	0.0	Lit-BM-LT-17
10558	11006	0.0	Lit-BS-LT-17
10618	70079	0.0	Lit-BS-HT-17
10656	12974		Lit-NB-17
10726	10726	1.0	Lit-BM-HT-17
10737	10737	0.0	Lit-BM-HT-17
10737	71467	0.0	Lit-NB-17
10799	55174		Lit-BM-LT-17
10799	55199		Lit-BM-13
10820	10820	1.0	Lit-BM-LT-17
10840	100009783	0.0	Lit-BS-HT-17
10891	71941	0.0	Lit-BS-LT-17
10935	10935	0.0	Lit-BM-13
11050	100080502	0.0	Lit-BS-HT-17
11075	100005032	0.0	Lit-BM-LT-17
11103	71021	1.0	Lit-BM-13
11174	71420	0.0	Lit-NB-17
11208	11208	0.0	Lit-BM-13
11256	100069198	0.0	Lit-NB-17
11285	14754	0.0	Lit-BM-LT-17
11285	14754	0.0	Lit-BM-13
11305	12792	0.0	Lit-BM-HT-17
11376	100067288	0.0	Lit-BM-13
11422	56361	0.0	Lit-BM-LT-17
11490	100062330	0.0	Lit-BM-LT-17
11505	11866	0.0	Lit-BM-13
11517	55636	0.0	Lit-NB-17
11550	100005433	0.0	Lit-BS-LT-17
11574	11996	0.0	Lit-BS-HT-17
11590	70513	0.0	Lit-NB-17
11619	100000475	0.0	Lit-BS-LT-17
11636	71264	0.0	Lit-BM-HT-17
11735	55203	0.0	Lit-BM-HT-17
11800	55726	0.0	Lit-BM-HT-17
11822	12438	0.0	Lit-BM-LT-17
11935	12010	0.0	Lit-NB-17
11938	100009897	0.0	Lit-BS-HT-17
11939	12865	0.0	Lit-BM-LT-17
11939	55199	0.0	Lit-BM-LT-17
11972	11972	0.0	Lit-NB-17
12042	55203	0.0	Lit-BM-HT-17
12070	70204	0.0	Lit-BS-LT-17
12137	54364	0.0	Lit-BM-LT-17
12154	55203	0.0	Lit-BM-HT-17
12257	100008214	0.0	Lit-BM-13
12358	12358	0.0	Lit-BM-13
12425	72153	0.0	Lit-NB-17
12443	55203	0.0	Lit-BM-HT-17
12472	100067112	0.0	Lit-BM-HT-17
12544	12544	0.0	Lit-BM-LT-17
12578	100064010	0.0	Lit-BS-LT-17
12624	100070216	0.0	Lit-BM-13
12631	100068256	0.0	Lit-BM-13
12635	100009691	0.0	Lit-BS-HT-17
12733	71455	0.0	Lit-BS-LT-17
12747	14730	0.0	Lit-BM-LT-17
12815	53364	0.0	Lit-BM-LT-17
12853	14543	0.0	Lit-BM-HT-17
12865	53867	0.0	Lit-BM-13
12865	71079	0.0	Lit-BM-HT-17
12900	12900	0.0	Lit-BM-13
12915	71933	0.0	Lit-BS-LT-17
13022	100011288	0.0	Lit-BS-HT-17
13118	14956	0.0	Lit-BM-HT-17
13130	100010671		Lit-BM-13
13160	54080	1.0	Lit-BM-LT-17
13182	14758	0.0	Lit-BS-HT-17
13227	71168	0.0	Lit-BM-13
13229	100015982	0.0	Lit-BS-LT-17
13246	13246	0.0	Lit-BS-LT-17
13320	71452	0.0	Lit-NB-17
13561	100009669	0.0	Lit-BS-HT-17
13573	13573	0.0	Lit-BS-LT-17
13611	14225	0.0	Lit-BS-LT-17
13611	54034	0.0	Lit-BS-LT-17
13648	53071	0.0	Lit-NB-17
13748	56227	0.0	Lit-BM-HT-17
13813	54130	0.0	Lit-BM-13
13880	100016179	0.0	Lit-BM-LT-17
13956	100070020	0.0	Lit-BM-13
13972	56919	0.0	Lit-BS-LT-17
14058	14058	0.0	Lit-NB-17
14063	100069073	0.0	Lit-BM-13
14086	14737	0.0	Lit-BS-LT-17
14287	71438	0.0	Lit-BM-13
14374	52920	0.0	Lit-BM-13
14374	100070165	0.0	Lit-BS-HT-17
14385	14638	0.0	Lit-BM-HT-17
14543	14543	1.0	Lit-BM-HT-17
14543	14543	1.0	Lit-BM-13
14543	100010379	0.0	Lit-BM-HT-17
14543	100010572	0.0	Lit-BM-HT-17
14592	14592	0.0	Lit-BM-13
14597	14754	0.0	Lit-BM-LT-17
14597	14754	0.0	Lit-BM-13
14640	71567	0.0	Lit-BM-LT-17
14754	55074	0.0	Lit-NB-17
14756	53114	0.0	Lit-BM-LT-17
14816	55446	1.0	Lit-BS-LT-17
14891	100069136	0.0	Lit-NB-17
14920	14920	0.0	Lit-BS-LT-17
14944	100016116	0.0	Lit-BS-HT-17
14982	54163	0.0	Lit-BS-LT-17
52623	80289	0.0	Lit-NB-17
52917	52917	0.0	Lit-BS-LT-17
52967	100009344	0.0	Lit-BM-LT-17
53114	53114	0.0	Lit-BM-LT-17
53193	100015121	0.0	Lit-NB-17
53257	53257	0.0	Lit-BM-13
53366	100066371	0.0	Lit-BM-13
53842	100010087	0.0	Lit-BS-LT-17
53842	100064157	0.0	Lit-BS-LT-17
53883	71073	0.0	Lit-BS-LT-17
53955	71264	0.0	Lit-BM-HT-17
54024	100015173	0.0	Lit-BS-LT-17
54069	54233	0.0	Lit-BS-LT-17
54082	54082	0.0	Lit-BS-LT-17
54233	100000049	0.0	Lit-BM-LT-17
54252	54252	0.0	Lit-BM-LT-17
54280	100080638	0.0	Lit-BM-LT-17
54896	71079	0.0	Lit-BS-LT-17
54905	56067		Lit-BM-13
55203	56294	0.0	Lit-BM-HT-17
55203	56356	0.0	Lit-BM-HT-17
55203	71242	0.0	Lit-BM-HT-17
55203	100011233		Lit-BM-HT-17
55205	56870		Lit-NB-17
55218	55218	0.0	Lit-BS-LT-17
55699	70593	0.0	Lit-BM-HT-17
55702	55702	0.0	Lit-BM-13
55718	55718	1.0	Lit-BS-LT-17
55801	100061549	0.0	Lit-BM-LT-17
55899	71933	0.0	Lit-NB-17
56061	100014263	0.0	Lit-BM-LT-17
56268	71079	0.0	Lit-BS-LT-17
56353	56353	0.0	Lit-BM-13
56458	100008999	0.0	Lit-BS-LT-17
56458	100069081	0.0	Lit-BS-LT-17
70215	100002626	0.0	Lit-BS-LT-17
70284	71725	0.0	Lit-BS-LT-17
70370	70370	0.0	Lit-BM-13
70513	100070216	0.0	Lit-BM-LT-17
70985	71123	0.0	Lit-BM-LT-17
71141	100002387		Lit-BM-13
71182	100070227	0.0	Lit-BS-LT-17
71319	71508	0.0	Lit-NB-17
71385	71461	0.0	Lit-BM-HT-17
71484	100008177	0.0	Lit-BS-HT-17
71587	71704	0.0	Lit-BM-13
72165	100014292	0.0	Lit-BM-HT-17
80385	100009044	0.0	Lit-BM-LT-17
100000442	100069081	0.0	Lit-BM-LT-17
100001705	100064198	0.0	Lit-BS-HT-17
100008339	100008339	0.0	Lit-BS-LT-17
100009142	100009142	1.0	Lit-BM-HT-17
100009344	100061944	0.0	Lit-BS-LT-17
100009691	100009691	0.0	Lit-BM-LT-17
100010599	100010599	1.0	Lit-BM-13
100016000	100066558	0.0	Lit-NB-17
100016179	100069071	0.0	Lit-BS-LT-17
100067052	100080976	0.0	Lit-BS-HT-17
100068511	100068511	0.0	Lit-NB-17
100070169	100070169	1.0	Lit-BS-HT-17
100080502	100080502	0.0	Lit-BS-LT-17
100080541	100080574	0.0	Lit-BS-LT-17
100080584	100080584	0.0	Lit-BS-LT-17
1945	1	1.0	Lit-BM-LT-17
10663	24	0.0	Lit-BM-HT-17
2424	26	0.0	Lit-BM-LT-17
100011435	26	0.0	Lit-BM-LT-17
801	34	1.0	Lit-BM-HT-17
14210	35	0.0	Lit-BM-13
2214	38	0.0	Lit-NB-17
71311	42		Lit-BM-LT-17
7587	48	0.0	Lit-BM-13
10879	61	0.0	Lit-NB-17
8327	100	0.0	Lit-BM-13
52876	100	0.0	Lit-BM-LT-17
14170	107	0.0	Lit-BM-13
386	110	0.0	Lit-BS-HT-17
2663	113	0.0	Lit-BM-13
3722	113	0.0	Lit-BM-HT-17
4015	113	0.0	Lit-BM-13
8127	113	0.0	Lit-BM-13
13598	113	0.0	Lit-BS-HT-17
9535	120		Lit-BM-13
4851	132	0.0	Lit-BS-HT-17
3557	143		Lit-BS-HT-17
11797	143	0.0	Lit-NB-17
55801	143	0.0	Lit-NB-17
100011561	143	0.0	Lit-NB-17
3754	152	0.0	Lit-BS-HT-17
71133	229	0.0	Lit-BM-13
4279	232		Lit-BS-LT-17
562	242	0.0	Lit-BS-HT-17
7221	244	0.0	Lit-BS-HT-17
11800	251	0.0	Lit-BM-LT-17
4015	258	0.0	Lit-BM-HT-17
9698	258	0.0	Lit-BM-HT-17
3297	279	0.0	Lit-BS-HT-17
292	282		Lit-BS-HT-17
100080486	292	0.0	Lit-BS-HT-17
12727	295	0.0	Lit-NB-17
6784	306	0.0	Lit-BS-HT-17
4435	323	0.0	Lit-BM-LT-17
100009114	346	0.0	Lit-BM-13
56382	359	0.0	Lit-BS-LT-17
7953	385	0.0	Lit-BM-LT-17
9130	388	0.0	Lit-BM-13
11374	388	0.0	Lit-NB-17
53620	399	0.0	Lit-BM-HT-17
3836	404	0.0	Lit-NB-17
1601	421	0.0	Lit-BS-HT-17
11579	421	0.0	Lit-BM-13
71866	421	0.0	Lit-NB-17
55203	422	0.0	Lit-BM-HT-17
100069134	490	0.0	Lit-BS-LT-17
3873	493	0.0	Lit-BS-LT-17
5109	503	0.0	Lit-BM-HT-17
72137	503	0.0	Lit-BM-13
3207	510	0.0	Lit-BS-HT-17
9500	521		Lit-NB-17
100015982	533	0.0	Lit-BS-LT-17
71726	535	0.0	Lit-BM-LT-17
14894	538	0.0	Lit-BM-13
4032	570	0.0	Lit-NB-17
9764	584	0.0	Lit-BM-HT-17
4662	611	0.0	Lit-BM-13
902	612	0.0	Lit-NB-17
4706	624	0.0	Lit-BM-LT-17
100002501	624	0.0	Lit-NB-17
53770	634	0.0	Lit-BM-LT-17
56614	634	0.0	Lit-BS-HT-17
8335	687	0.0	Lit-BM-LT-17
7710	693	0.0	Lit-NB-17
52696	693	1.0	Lit-BS-LT-17
2455	723	0.0	Lit-BS-HT-17
7108	732	0.0	Lit-BM-13
100009344	732	0.0	Lit-BM-LT-17
4595	745	0.0	Lit-NB-17
55128	752	0.0	Lit-BM-LT-17
2094	756	0.0	Lit-BM-LT-17
100009631	770	0.0	Lit-BS-LT-17
53941	801	1.0	Lit-BS-LT-17
4477	803	0.0	Lit-NB-17
3257	811	0.0	Lit-BS-LT-17
6003	839	0.0	Lit-BM-13
10799	839		Lit-NB-17
100015498	839		Lit-BM-LT-17
55205	902	0.0	Lit-BS-LT-17
2094	915	0.0	Lit-BM-HT-17
72006	915	0.0	Lit-BS-HT-17
7925	917	0.0	Lit-NB-17
8895	921	0.0	Lit-NB-17
7467	955	0.0	Lit-BS-LT-17
53767	955		Lit-BS-LT-17
6512	966	0.0	Lit-BM-13
100070227	1008	0.0	Lit-BM-13
3192	1050	0.0	Lit-BM-HT-17
53922	1058	1.0	Lit-BM-13
7931	1081	0.0	Lit-BM-HT-17
53603	1081	0.0	Lit-BM-HT-17
4778	1105		Lit-BS-LT-17
11712	1164	0.0	Lit-BS-HT-17
8065	1167	0.0	Lit-NB-17
11706	1170	1.0	Lit-BS-HT-17
6885	1195	0.0	Lit-BS-LT-17
14272	1318	0.0	Lit-NB-17
3777	1341	0.0	Lit-BM-13
13510	1343	0.0	Lit-BS-HT-17
100066864	1343	0.0	Lit-BM-HT-17
2983	1358	0.0	Lit-BS-HT-17
70370	1392	0.0	Lit-BM-13
7894	1430	0.0	Lit-BM-13
3699	1437	0.0	Lit-NB-17
80289	1440	0.0	Lit-BS-LT-17
3154	1455	0.0	Lit-BM-HT-17
6916	1458	0.0	Lit-BS-LT-17
100064010	1538	0.0	Lit-NB-17
100066420	1551	0.0	Lit-BM-LT-17
10840	1568	0.0	Lit-NB-17
6449	1644	0.0	Lit-BS-LT-17
10354	1660	0.0	Lit-BM-HT-17
9764	1688	0.0	Lit-BM-13
100008847	1694	0.0	Lit-BM-LT-17
3515	1740	0.0	Lit-BS-HT-17
55703	1797		Lit-BM-13
11590	1832	0.0	Lit-BM-HT-17
4045	1895	0.0	Lit-BM-HT-17
100000049	1938	0.0	Lit-BM-HT-17
3288	1960	0.0	Lit-NB-17
55165	1967		Lit-NB-17
100070165	2000	0.0	Lit-NB-17
8024	2064	0.0	Lit-BS-HT-17
4010	2094	0.0	Lit-BS-HT-17
12304	2127		Lit-BS-HT-17
10312	2152	0.0	Lit-NB-17
55205	2161		Lit-BS-LT-17
4850	2214	0.0	Lit-NB-17
4956	2261	0.0	Lit-BM-LT-17
54212	2261	0.0	Lit-BS-LT-17
55203	2311	0.0	Lit-BM-HT-17
3120	2331	0.0	Lit-BM-LT-17
2455	2348	0.0	Lit-BM-13
14943	2352	0.0	Lit-BS-LT-17
3154	2359	0.0	Lit-BM-HT-17
14543	2370	0.0	Lit-BM-HT-17
5941	2393	0.0	Lit-BS-HT-17
52628	2393	0.0	Lit-BM-HT-17
11208	2410	0.0	Lit-BM-LT-17
10621	2417	0.0	Lit-BS-LT-17
4187	2420	0.0	Lit-BS-LT-17
6203	2424	0.0	Lit-BS-HT-17
8578	2424	0.0	Lit-BM-13
11912	2424	0.0	Lit-BS-HT-17
7547	2427	0.0	Lit-BM-13
3202	2448	0.0	Lit-BS-LT-17
3990	2450	0.0	Lit-BS-HT-17
100008578	2459	0.0	Lit-NB-17
100009669	2468	0.0	Lit-BS-HT-17
6843	2483	0.0	Lit-BM-LT-17
100009819	2486	0.0	Lit-BM-HT-17
3709	2491	0.0	Lit-BS-HT-17
100080368	2491	0.0	Lit-BS-HT-17
4919	2500	0.0	Lit-BM-HT-17
6435	2521	0.0	Lit-BS-LT-17
3820	2540	0.0	Lit-BM-LT-17
8139	2540	0.0	Lit-BM-LT-17
100068170	2541	0.0	Lit-NB-17
5074	2550	0.0	Lit-BS-HT-17
6916	2555	0.0	Lit-BM-LT-17
10820	2561	1.0	Lit-BM-HT-17
5632	2595	0.0	Lit-BS-HT-17
54816	2633	0.0	Lit-BM-13
71732	2660	0.0	Lit-BM-13
8065	2687	0.0	Lit-NB-17
5599	2688	1.0	Lit-BM-13
9764	2692	0.0	Lit-BS-HT-17
14966	2702	0.0	Lit-BS-LT-17
72179	2704	0.0	Lit-BM-LT-17
12870	2709	0.0	Lit-BM-HT-17
56783	2710		Lit-BS-LT-17
3154	2714	0.0	Lit-BM-HT-17
11826	2715	0.0	Lit-BM-13
3724	2773	0.0	Lit-BM-13
54233	2801	0.0	Lit-BM-LT-17
8905	2822	0.0	Lit-NB-17
4973	2836	0.0	Lit-BS-HT-17
14423	2857	0.0	Lit-NB-17
100062227	2863	0.0	Lit-BM-HT-17
6984	2883	0.0	Lit-NB-17
71672	2893		Lit-BS-HT-17
14484	2935	0.0	Lit-BS-LT-17
53115	2968	0.0	Lit-NB-17
3326	2983	0.0	Lit-BS-HT-17
5834	2987	0.0	Lit-BM-LT-17
13219	2996		Lit-BS-LT-17
6129	3011	0.0	Lit-BS-LT-17
6796	3019	1.0	Lit-NB-17
12844	3021	0.0	Lit-BS-HT-17
11914	3038	0.0	Lit-NB-17
8065	3039	0.0	Lit-BM-HT-17
9625	3083	0.0	Lit-NB-17
53021	3117	0.0	Lit-BM-13
7442	3120	0.0	Lit-BS-HT-17
11857	3120	0.0	Lit-BS-LT-17
56688	3120	0.0	Lit-BM-HT-17
7037	3135	0.0	Lit-BS-LT-17
9897	3154	0.0	Lit-BM-HT-17
13269	3154	0.0	Lit-BM-HT-17
71517	3154	0.0	Lit-BM-13
55203	3156	0.0	Lit-BM-HT-17
14309	3177	0.0	Lit-BS-LT-17
3390	3183	0.0	Lit-BS-HT-17
100080638	3203	0.0	Lit-NB-17
100080201	3217	0.0	Lit-BS-LT-17
6430	3233	0.0	Lit-BS-HT-17
52987	3267	0.0	Lit-BM-13
55203	3290	0.0	Lit-BM-HT-17
12885	3292	0.0	Lit-NB-17
100080534	3310	0.0	Lit-BM-LT-17
14543	3314	0.0	Lit-BM-HT-17
53151	3328	0.0	Lit-NB-17
100016179	3330	0.0	Lit-BM-LT-17
54150	3368	0.0	Lit-BM-13
4723	3370	0.0	Lit-NB-17
5425	3390	0.0	Lit-BS-HT-17
100080511	3390	0.0	Lit-BM-LT-17
100009828	3416	0.0	Lit-BS-LT-17
5125	3425	0.0	Lit-BM-HT-17
56621	3434	0.0	Lit-BM-LT-17
14543	3482	0.0	Lit-BM-HT-17
4671	3508	0.0	Lit-BS-LT-17
11643	3510		Lit-BM-13
11706	3510	0.0	Lit-BM-13
10385	3529	0.0	Lit-BS-LT-17
4265	3564	0.0	Lit-BS-HT-17
5905	3579	0.0	Lit-BS-LT-17
5107	3585	1.0	Lit-BM-HT-17
56919	3587		Lit-BM-LT-17
14515	3589	0.0	Lit-NB-17
70757	3622	0.0	Lit-NB-17
13547	3625	0.0	Lit-BM-13
56335	3625	0.0	Lit-BS-LT-17
55203	3633	0.0	Lit-BM-HT-17
5280	3653	0.0	Lit-BM-13
71311	3660	0.0	Lit-BS-LT-17
52601	3662	0.0	Lit-NB-17
8403	3674	1.0	Lit-NB-17
71385	3708	0.0	Lit-BM-13
5484	3722		Lit-BM-LT-17
5484	3722		Lit-BM-13
6523	3726	0.0	Lit-BM-LT-17
3860	3739	0.0	Lit-BS-LT-17
5898	3740	0.0	Lit-BM-LT-17
56400	3774	0.0	Lit-BM-13
100068511	3782	0.0	Lit-BM-13
53218	3788	0.0	Lit-BS-HT-17
54692	3788	0.0	Lit-NB-17
100061946	3788	0.0	Lit-BS-HT-17
100066392	3791	0.0	Lit-BM-HT-17
53035	3794	0.0	Lit-NB-17
6157	3807	0.0	Lit-BM-LT-17
13762	3817	0.0	Lit-BM-LT-17
4124	3822	0.0	Lit-BM-13
14543	3836	0.0	Lit-BM-HT-17
6349	3838	0.0	Lit-BS-HT-17
9764	3843	0.0	Lit-NB-17
7301	3852	0.0	Lit-BS-HT-17
71314	3852	0.0	Lit-BM-13
14543	3859	0.0	Lit-BM-HT-17
56121	3865	0.0	Lit-BM-LT-17
12314	3874	0.0	Lit-BS-LT-17
7774	3878	0.0	Lit-BM-HT-17
9587	3902	0.0	Lit-BM-13
8067	3907		Lit-BS-LT-17
100070339	3907	0.0	Lit-BM-HT-17
6432	3930	0.0	Lit-BM-13
4958	3944	1.0	Lit-BM-HT-17
7617	3944	0.0	Lit-BS-HT-17
54731	3944	0.0	Lit-BS-HT-17
100066339	3944	0.0	Lit-BS-HT-17
6832	3952	0.0	Lit-BM-HT-17
56559	3952	0.0	Lit-BS-HT-17
12915	3970	0.0	Lit-BS-HT-17
9987	3985	0.0	Lit-BM-13
7087	3990	0.0	Lit-BS-HT-17
55203	4000	0.0	Lit-BM-HT-17
9707	4007	0.0	Lit-BM-HT-17
12425	4007	0.0	Lit-NB-17
100002067	4012	0.0	Lit-NB-17
100080638	4018	0.0	Lit-NB-17
4955	4066	0.0	Lit-BM-13
100068477	4097	0.0	Lit-BS-LT-17
71566	4115	0.0	Lit-BM-13
14413	4126	0.0	Lit-BS-HT-17
5348	4131	0.0	Lit-BM-HT-17
4613	4262	1.0	Lit-BM-13
6151	4262	1.0	Lit-BM-LT-17
6607	4262	0.0	Lit-BS-HT-17
10711	4262	1.0	Lit-BS-HT-17
4912	4263	0.0	Lit-BS-HT-17
100064147	4263	0.0	Lit-NB-17
11907	4360	0.0	Lit-BM-HT-17
5251	4386	0.0	Lit-BS-HT-17
6966	4406	0.0	Lit-NB-17
8010	4431	0.0	Lit-BM-HT-17
100070339	4468	0.0	Lit-BM-LT-17
100008432	4469	0.0	Lit-BM-13
71193	4473	0.0	Lit-NB-17
10823	4489	0.0	Lit-BM-13
52774	4493		Lit-NB-17
6768	4501	0.0	Lit-BM-LT-17
5658	4528	0.0	Lit-BM-LT-17
100080614	4544	0.0	Lit-NB-17
14735	4546	0.0	Lit-BS-LT-17
70947	4558	0.0	Lit-BM-LT-17
7064	4564	0.0	Lit-BM-LT-17
53008	4595	0.0	Lit-NB-17
53934	4623	0.0	Lit-BM-13
5102	4635	0.0	Lit-NB-17
71775	4636	0.0	Lit-BM-LT-17
9498	4643	0.0	Lit-BS-HT-17
14543	4644	0.0	Lit-BM-HT-17
4960	4677	0.0	Lit-BM-HT-17
11805	4687	0.0	Lit-BM-13
40080753	4691	0.0	Lit-BS-HT-17
9468	4728	0.0	Lit-NB-17
53216	4728	0.0	Lit-BM-LT-17
56344	4728	0.0	Lit-BM-HT-17
6873	4739	0.0	Lit-BM-HT-17
11316	4772	0.0	Lit-NB-17
53267	4780	0.0	Lit-BM-HT-17
11882	4851	0.0	Lit-BS-HT-17
5699	4882	0.0	Lit-BS-HT-17
5109	4887	0.0	Lit-BM-13
70901	4893	0.0	Lit-NB-17
100001632	4907	0.0	Lit-BS-HT-17
100008839	4956	0.0	Lit-BM-LT-17
7959	4960	1.0	Lit-BS-HT-17
6740	4981	0.0	Lit-BS-LT-17
14543	4983	0.0	Lit-BM-HT-17
10758	4997	1.0	Lit-BS-HT-17
10497	5001	0.0	Lit-BS-HT-17
10726	5004	0.0	Lit-BS-HT-17
11367	5066		Lit-NB-17
6976	5073	0.0	Lit-BM-13
7630	5073	0.0	Lit-BM-13
6727	5074	0.0	Lit-BS-HT-17
54902	5109	0.0	Lit-BM-13
13158	5118	0.0	Lit-BM-LT-17
8811	5140	0.0	Lit-BM-13
9293	5192	0.0	Lit-BM-13
14673	5193	0.0	Lit-NB-17
8205	5228	0.0	Lit-BS-HT-17
13208	5228	0.0	Lit-BM-HT-17
80075	5228	0.0	Lit-BS-LT-17
71385	5246	0.0	Lit-BM-13
56787	5317		Lit-NB-17
11609	5350	0.0	Lit-BM-LT-17
11570	5353	0.0	Lit-BS-HT-17
6055	5410	0.0	Lit-BS-HT-17
100009791	5457	0.0	Lit-BS-LT-17
8686	5469	0.0	Lit-BM-LT-17
6488	5489	0.0	Lit-BS-HT-17
54276	5585	0.0	Lit-BM-LT-17
14487	5607		Lit-NB-17
8407	5651	0.0	Lit-BM-13
11545	5743	0.0	Lit-BM-HT-17
10621	5746	0.0	Lit-BS-LT-17
70930	5749	0.0	Lit-NB-17
100009673	5832	0.0	Lit-BS-HT-17
54322	5834	0.0	Lit-BS-LT-17
6523	5864	0.0	Lit-BM-HT-17
55203	5864	0.0	Lit-BS-HT-17
5913	5887	0.0	Lit-NB-17
100016000	5890	0.0	Lit-BM-13
11966	5892	0.0	Lit-BS-HT-17
6439	5898	0.0	Lit-BM-13
100000265	5905	0.0	Lit-BS-LT-17
100015250	5908	0.0	Lit-BM-LT-17
53218	5923		Lit-BS-HT-17
56609	5923	0.0	Lit-BS-HT-17
100001786	5923	0.0	Lit-BS-HT-17
13775	5957	0.0	Lit-NB-17
14956	5957	0.0	Lit-BM-LT-17
100062305	5957	0.0	Lit-NB-17
6659	5968		Lit-NB-17
100000264	5980	0.0	Lit-BM-LT-17
6835	5985	0.0	Lit-NB-17
55203	5987	0.0	Lit-BM-HT-17
6885	6053	0.0	Lit-BS-LT-17
8905	6120	0.0	Lit-BM-HT-17
8795	6129	0.0	Lit-BM-13
14543	6129	0.0	Lit-BM-HT-17
53886	6129	0.0	Lit-BS-LT-17
100011233	6141	1.0	Lit-BM-LT-17
9000	6151	0.0	Lit-BM-13
11222	6151	1.0	Lit-BM-LT-17
6753	6157	0.0	Lit-BM-HT-17
100067277	6221	0.0	Lit-BM-13
14891	6241	0.0	Lit-NB-17
71850	6244	0.0	Lit-NB-17
6919	6323	1.0	Lit-BM-LT-17
70513	6323	0.0	Lit-BM-LT-17
9256	6327	0.0	Lit-BS-HT-17
9704	6334	0.0	Lit-BS-LT-17
6442	6358	0.0	Lit-BM-LT-17
11747	6432	1.0	Lit-BM-HT-17
13611	6432	0.0	Lit-BS-LT-17
100009631	6440	1.0	Lit-BS-LT-17
14982	6483	0.0	Lit-BM-LT-17
100009950	6504		Lit-BM-HT-17
12051	6514	0.0	Lit-NB-17
14287	6555	0.0	Lit-BM-13
6976	6559	0.0	Lit-BM-LT-17
12100	6563	0.0	Lit-BS-LT-17
14543	6564	0.0	Lit-BM-HT-17
7076	6578	0.0	Lit-BM-HT-17
100069076	6671	0.0	Lit-BM-LT-17
100070227	6671	0.0	Lit-BM-LT-17
14996	6694	0.0	Lit-NB-17
71335	6704	0.0	Lit-BM-LT-17
7699	6708		Lit-BM-HT-17
71160	6708	0.0	Lit-BS-LT-17
9307	6733	0.0	Lit-BS-HT-17
9283	6743	0.0	Lit-BS-LT-17
100014501	6814	0.0	Lit-BS-LT-17
9283	6820	0.0	Lit-BS-LT-17
9256	6868		Lit-BS-HT-17
11725	6873	0.0	Lit-BM-LT-17
12296	6886	0.0	Lit-NB-17
71965	6919	0.0	Lit-BS-LT-17
11727	6970	0.0	Lit-BM-HT-17
100009829	6970	0.0	Lit-BM-HT-17
100009344	6982	0.0	Lit-BM-HT-17
55511	6997	0.0	Lit-BS-HT-17
100068202	7004	0.0	Lit-NB-17
100061944	7010	0.0	Lit-BS-LT-17
7524	7045	0.0	Lit-BS-HT-17
54148	7066	0.0	Lit-BS-HT-17
14238	7076	0.0	Lit-BM-LT-17
100068218	7076	0.0	Lit-BM-HT-17
100069279	7076	0.0	Lit-BM-HT-17
72059	7108	0.0	Lit-BS-HT-17
9124	7157	0.0	Lit-BM-13
71850	7226	0.0	Lit-NB-17
8141	7270	0.0	Lit-BM-HT-17
56677	7338	1.0	Lit-BM-HT-17
8905	7372	0.0	Lit-BM-13
100062227	7372	0.0	Lit-BM-HT-17
11805	7445	0.0	Lit-NB-17
54142	7449	0.0	Lit-NB-17
100010020	7463	0.0	Lit-NB-17
14891	7485	0.0	Lit-BS-HT-17
12309	7524	0.0	Lit-BM-LT-17
71193	7551	0.0	Lit-NB-17
8010	7583	0.0	Lit-BM-HT-17
53941	7587	0.0	Lit-BS-LT-17
100061732	7587	0.0	Lit-BS-LT-17
100067615	7587	0.0	Lit-BS-LT-17
53219	7592	0.0	Lit-BS-HT-17
100061543	7677	0.0	Lit-BS-HT-17
10739	7705	0.0	Lit-BM-LT-17
11926	7727	0.0	Lit-NB-17
55203	7735	0.0	Lit-BM-HT-17
13373	7763	0.0	Lit-BM-13
100010705	7765	0.0	Lit-NB-17
11317	7776	0.0	Lit-BM-HT-17
70202	7776	0.0	Lit-BM-HT-17
71722	7799	0.0	Lit-BM-HT-17
10194	7835		Lit-BS-LT-17
100008545	7836	0.0	Lit-NB-17
53747	7853	0.0	Lit-BS-LT-17
10392	7898	0.0	Lit-BS-LT-17
9477	7959	0.0	Lit-BM-13
10041	7977	0.0	Lit-BM-LT-17
12196	8010	0.0	Lit-NB-17
13115	8010	0.0	Lit-BS-HT-17
56423	8010	0.0	Lit-BM-HT-17
12562	8012		Lit-NB-17
55203	8022	0.0	Lit-BM-HT-17
9581	8112	0.0	Lit-BM-13
100010705	8196	1.0	Lit-BS-LT-17
100068974	8201	0.0	Lit-BM-13
70355	8208	0.0	Lit-BM-HT-17
100067768	8208	0.0	Lit-BM-LT-17
13022	8329	0.0	Lit-BM-LT-17
100015951	8450	0.0	Lit-NB-17
100069944	8508	0.0	Lit-BS-HT-17
14027	8536	0.0	Lit-BS-LT-17
54031	8542	0.0	Lit-BM-13
71264	8598	0.0	Lit-BS-HT-17
55086	8617	0.0	Lit-BM-13
11586	8626	0.0	Lit-BS-LT-17
14730	8626	0.0	Lit-BS-LT-17
100066738	8680	0.0	Lit-BS-HT-17
100009829	8887	0.0	Lit-BS-HT-17
55012	8993	0.0	Lit-BM-LT-17
71264	9012	0.0	Lit-BM-HT-17
100000049	9079	0.0	Lit-BM-HT-17
71184	9159	0.0	Lit-BS-HT-17
12865	9241	0.0	Lit-BS-HT-17
56442	9270	0.0	Lit-BM-LT-17
10256	9283	0.0	Lit-BS-LT-17
100010379	9283	0.0	Lit-BS-LT-17
52879	9285	0.0	Lit-BS-LT-17
72134	9293	0.0	Lit-BS-HT-17
13418	9371	0.0	Lit-NB-17
55203	9380	0.0	Lit-BM-HT-17
53254	9477	0.0	Lit-BM-LT-17
12585	9485	0.0	Lit-BS-LT-17
53262	9502	0.0	Lit-BS-LT-17
13628	9504	0.0	Lit-BM-13
13561	9535	0.0	Lit-BS-HT-17
11690	9581	0.0	Lit-BM-LT-17
100069056	9630	0.0	Lit-NB-17
70281	9637	0.0	Lit-BM-13
13419	9650	0.0	Lit-BS-HT-17
13373	9671	0.0	Lit-BM-LT-17
100009283	9694	0.0	Lit-BS-LT-17
12325	9704	0.0	Lit-BS-LT-17
70262	9751	0.0	Lit-BM-HT-17
100005032	9769	0.0	Lit-BS-HT-17
12070	9794	0.0	Lit-BM-13
12164	9864	0.0	Lit-BS-HT-17
10820	9931	0.0	Lit-BS-HT-17
100009669	10017	0.0	Lit-BS-HT-17
15065	10035		Lit-BS-LT-17
11972	10051	0.0	Lit-BM-LT-17
100069060	10059	0.0	Lit-NB-17
100011091	10066	0.0	Lit-BM-HT-17
52879	10088	0.0	Lit-NB-17
14737	10093	0.0	Lit-BS-LT-17
71311	10158	0.0	Lit-NB-17
13827	10165	0.0	Lit-BS-LT-17
71986	10256	0.0	Lit-BS-HT-17
56165	10267	0.0	Lit-NB-17
53842	10317	0.0	Lit-BS-LT-17
100009114	10357	0.0	Lit-BM-13
100009283	10357	0.0	Lit-BM-LT-17
11804	10412	0.0	Lit-BM-HT-17
56677	10418	0.0	Lit-NB-17
13611	10453	0.0	Lit-BS-LT-17
56249	10487	0.0	Lit-BM-LT-17
100008545	10490	0.0	Lit-NB-17
53077	10493	0.0	Lit-BM-13
54436	10531	0.0	Lit-BS-LT-17
12023	10566	0.0	Lit-BS-LT-17
100009829	10705	0.0	Lit-BS-HT-17
14143	10726	0.0	Lit-BM-HT-17
100000459	10779	0.0	Lit-BM-HT-17
70513	10799	0.0	Lit-BS-HT-17
13970	10805	0.0	Lit-BM-LT-17
11800	10823	0.0	Lit-BM-LT-17
100008738	10846	0.0	Lit-NB-17
70200	10856	0.0	Lit-BM-LT-17
55879	10889	0.0	Lit-BM-LT-17
71051	10889	0.0	Lit-BM-13
100080804	10927	0.0	Lit-BM-LT-17
100016002	10945	1.0	Lit-BS-LT-17
100008859	10961	0.0	Lit-BM-HT-17
11819	11090	0.0	Lit-BS-HT-17
54316	11222	1.0	Lit-BM-LT-17
14807	11305	0.0	Lit-NB-17
14982	11398	0.0	Lit-BM-HT-17
100070004	11440	0.0	Lit-BS-LT-17
100000459	11550	0.0	Lit-BM-HT-17
100000459	11550	0.0	Lit-BM-13
53339	11611	0.0	Lit-BS-LT-17
100069839	11611	0.0	Lit-NB-17
71568	11634	0.0	Lit-BS-LT-17
53732	11638		Lit-BS-LT-17
100009791	11756	0.0	Lit-BS-LT-17
14210	11786	0.0	Lit-BM-13
55154	11798		Lit-NB-17
100010936	11800	0.0	Lit-BS-HT-17
55888	11805	0.0	Lit-BM-HT-17
56861	11805	0.0	Lit-BM-HT-17
100000034	11830	0.0	Lit-NB-17
100011238	11930	0.0	Lit-NB-17
13710	11996	0.0	Lit-BS-HT-17
12803	12010	0.0	Lit-BM-LT-17
14543	12010	0.0	Lit-BM-HT-17
56225	12260	0.0	Lit-BS-LT-17
71850	12295	0.0	Lit-NB-17
70922	12346	0.0	Lit-BM-13
100011233	12381	0.0	Lit-BM-HT-17
13451	12397	0.0	Lit-BS-HT-17
100068212	12435	0.0	Lit-BS-LT-17
100062372	12438	1.0	Lit-BM-LT-17
14287	12443	0.0	Lit-BM-LT-17
55203	12462	0.0	Lit-BM-HT-17
56086	12474	0.0	Lit-BS-HT-17
100008999	12492	0.0	Lit-BM-LT-17
52876	12544	0.0	Lit-BM-LT-17
14754	12554	0.0	Lit-BS-LT-17
56351	12683		Lit-BS-HT-17
100080502	12686	0.0	Lit-BS-HT-17
14543	12724	0.0	Lit-BM-HT-17
100009730	12865	0.0	Lit-BM-LT-17
100015498	12865		Lit-BM-HT-17
100068532	12865	0.0	Lit-BS-HT-17
13321	12885	0.0	Lit-NB-17
55116	13003		Lit-BM-LT-17
100009262	13195	0.0	Lit-BM-LT-17
13637	13228	0.0	Lit-BS-HT-17
70198	13297	0.0	Lit-BS-LT-17
100014585	13378	0.0	Lit-BS-HT-17
71164	13423	0.0	Lit-BS-LT-17
56677	13531	0.0	Lit-BM-HT-17
100068974	13582	0.0	Lit-BM-LT-17
100015528	13598	0.0	Lit-BS-LT-17
100009344	13710	0.0	Lit-BM-13
71890	13748	1.0	Lit-NB-17
54455	13777	0.0	Lit-BM-13
100000052	13867	0.0	Lit-BS-LT-17
100009264	13956	0.0	Lit-BM-13
70513	14143	0.0	Lit-BM-LT-17
70214	14191	0.0	Lit-NB-17
40080641	14215	0.0	Lit-BS-LT-17
71136	14259	0.0	Lit-BS-HT-17
100011241	14292	0.0	Lit-NB-17
100015982	14399	0.0	Lit-BS-LT-17
100010778	14413	0.0	Lit-BS-HT-17
14638	14543	0.0	Lit-BM-HT-17
55855	14543	0.0	Lit-BM-HT-17
56115	14543	0.0	Lit-BM-HT-17
71456	14543		Lit-BM-HT-17
100080599	14543	0.0	Lit-BM-HT-17
71965	14643	0.0	Lit-BS-HT-17
100011238	14671	0.0	Lit-BM-HT-17
56361	14891	0.0	Lit-NB-17
56155	15065	0.0	Lit-BM-13
53114	15067	0.0	Lit-BS-HT-17
56257	52690	0.0	Lit-BM-13
52912	52694	0.0	Lit-BS-LT-17
100062227	52773	0.0	Lit-BS-HT-17
71385	52973	0.0	Lit-BM-HT-17
71301	52986	0.0	Lit-BM-LT-17
56335	52996	0.0	Lit-BM-LT-17
100070117	53010	0.0	Lit-BS-LT-17
71587	53078	0.0	Lit-BS-HT-17
55899	53112	0.0	Lit-NB-17
55205	53162	0.0	Lit-BS-LT-17
100070227	53258	0.0	Lit-BM-LT-17
100015528	53326	0.0	Lit-BM-13
56382	53448	0.0	Lit-BS-LT-17
100080638	53620	0.0	Lit-BM-LT-17
56119	53625	0.0	Lit-BM-HT-17
56523	53713	0.0	Lit-BS-HT-17
55309	53770	0.0	Lit-BM-LT-17
56582	53834	0.0	Lit-BS-HT-17
56530	53872	0.0	Lit-BS-HT-17
54731	53898	0.0	Lit-NB-17
100068511	54157	0.0	Lit-NB-17
100066416	54220	0.0	Lit-NB-17
100000052	54230	0.0	Lit-BS-LT-17
55703	54233	0.0	Lit-BM-13
56696	54341	0.0	Lit-BS-HT-17
55151	54364		Lit-BS-HT-17
70286	54364	0.0	Lit-BS-HT-17
56086	54455	0.0	Lit-BM-HT-17
100064157	54530	0.0	Lit-BS-LT-17
100064165	54731		Lit-BS-LT-17
55732	54848	0.0	Lit-BS-LT-17
71469	55199	0.0	Lit-BS-LT-17
72179	55210	0.0	Lit-BM-LT-17
56344	55536	0.0	Lit-BS-HT-17
56354	55636	0.0	Lit-BM-HT-17
70285	55636	0.0	Lit-BS-LT-17
56119	55733	0.0	Lit-BM-HT-17
100010648	56198	0.0	Lit-BS-LT-17
100066551	56245	0.0	Lit-BM-13
100068974	56335	0.0	Lit-BM-LT-17
100063969	56644	0.0	Lit-BM-LT-17
100061944	56677	0.0	Lit-NB-17
100080638	56870		Lit-NB-17
100008839	70263	0.0	Lit-BM-LT-17
100062004	70353	0.0	Lit-NB-17
100080764	70513	0.0	Lit-BS-HT-17
100068974	71003	0.0	Lit-BM-LT-17
100010572	72126	0.0	Lit-NB-17
100069176	100000465	0.0	Lit-BM-LT-17
100068511	100009283	0.0	Lit-BM-13
100011238	100009513	0.0	Lit-BM-HT-17
100062227	100009791	0.0	Lit-BM-HT-17
100067435	100009791	0.0	Lit-BS-LT-17
100062530	100010147	0.0	Lit-BM-LT-17
100069094	100011223	0.0	Lit-BM-13
100066551	100011238	0.0	Lit-BM-HT-17
100067220	100011444	0.0	Lit-BM-LT-17
100069128	100062305	1.0	Lit-BM-LT-17
100080776	100080489	0.0	Lit-BS-LT-17
