ad_orf_id	db_orf_id	final_score	source
5113	2718	0	Lit-BM-LT-17
100069081	100000442	0	Lit-BM-LT-17
100068511	208	1	Lit-BM-LT-17
7705	10739	0	Lit-BM-LT-17
71123	70985	0	Lit-BM-LT-17
3697	14691	NA	Lit-BM-LT-17
11422	56361	0	Lit-BM-LT-17
11208	2410	0	Lit-BM-LT-17
14441	1653	0	Lit-BM-LT-17
413	8196	0	Lit-BM-LT-17
100015250	5908	0	Lit-BM-LT-17
6680	100009114	0	Lit-BM-LT-17
100080764	8010	0	Lit-BM-LT-17
4501	6768	NA	Lit-BM-LT-17
12747	14730	NA	Lit-BM-LT-17
7524	12309	0	Lit-BM-LT-17
11222	54316	1	Lit-BM-LT-17
807	70107	0	Lit-BM-LT-17
209	12299	NA	Lit-BM-LT-17
10194	5348	0	Lit-BM-LT-17
6699	4887	NA	Lit-BM-LT-17
6440	71043	1	Lit-BM-LT-17
4956	2261	0	Lit-BM-LT-17
4718	10632	0	Lit-BM-LT-17
4636	71775	1	Lit-BM-LT-17
55313	1373	0	Lit-BM-LT-17
12815	53364	0	Lit-BM-LT-17
1919	11787	0	Lit-BM-LT-17
71961	5876	0	Lit-BM-LT-17
11806	7442	0	Lit-BM-LT-17
3874	9987	0	Lit-BM-LT-17
53254	9477	NA	Lit-BM-LT-17
71257	7582	NA	Lit-BM-LT-17
70985	71123	0	Lit-BM-LT-17
10889	55879	NA	Lit-BM-LT-17
14754	11285	0	Lit-BM-LT-17
611	12224	0	Lit-BM-LT-17
385	12016	0	Lit-BM-LT-17
2786	14385	0	Lit-BM-LT-17
100008839	70263	0	Lit-BM-LT-17
55205	5219	0	Lit-BM-LT-17
9270	56442	0	Lit-BM-LT-17
55012	8993	0	Lit-BM-LT-17
2219	6660	0	Lit-BM-LT-17
12438	100062372	0	Lit-BM-LT-17
3944	170	0	Lit-BM-LT-17
11832	4362	0	Lit-BM-LT-17
624	4706	0	Lit-BM-LT-17
100015498	839	0	Lit-BM-LT-17
10041	7977	NA	Lit-BM-LT-17
4671	4671	1	Lit-BM-LT-17
4586	3648	0	Lit-BM-LT-17
5980	100000264	0	Lit-BM-LT-17
4468	100070339	0	Lit-BM-LT-17
8335	687	0	Lit-BM-LT-17
72167	490	0	Lit-BM-LT-17
8010	100080764	0	Lit-BM-LT-17
5219	55205	0	Lit-BM-LT-17
11787	1919	0	Lit-BM-LT-17
100069076	6671	1	Lit-BM-LT-17
11727	10160	0	Lit-BM-LT-17
100067220	100011444	0	Lit-BM-LT-17
775	56340	0	Lit-BM-LT-17
14640	71567	0	Lit-BM-LT-17
6671	100069076	1	Lit-BM-LT-17
56335	100068974	NA	Lit-BM-LT-17
100014263	56061	0	Lit-BM-LT-17
6224	3701	0	Lit-BM-LT-17
2718	5113	0	Lit-BM-LT-17
55801	100061549	1	Lit-BM-LT-17
5876	71961	0	Lit-BM-LT-17
55128	752	0	Lit-BM-LT-17
54150	6337	0	Lit-BM-LT-17
4004	6853	0	Lit-BM-LT-17
71335	6704	0	Lit-BM-LT-17
11609	5350	0	Lit-BM-LT-17
53216	4728	0	Lit-BM-LT-17
71184	6976	0	Lit-BM-LT-17
11214	7515	0	Lit-BM-LT-17
10856	70200	0	Lit-BM-LT-17
3390	100080511	0	Lit-BM-LT-17
3310	13645	0	Lit-BM-LT-17
26	100011435	NA	Lit-BM-LT-17
13665	10053	0	Lit-BM-LT-17
2540	3820	0	Lit-BM-LT-17
100070339	4468	1	Lit-BM-LT-17
100068974	56335	0	Lit-BM-LT-17
100063969	1136	0	Lit-BM-LT-17
14730	12747	0	Lit-BM-LT-17
383	383	0	Lit-BM-LT-17
56361	11422	0	Lit-BM-LT-17
4956	100008839	0	Lit-BM-LT-17
100011133	6158	0	Lit-BM-LT-17
6191	8626	NA	Lit-BM-LT-17
5964	5964	NA	Lit-BM-LT-17
8626	6191	0	Lit-BM-LT-17
4123	13328	0	Lit-BM-LT-17
12137	54364	0	Lit-BM-LT-17
8066	11997	NA	Lit-BM-LT-17
100070227	6671	0	Lit-BM-LT-17
71043	6440	1	Lit-BM-LT-17
3722	5484	0	Lit-BM-LT-17
3648	4586	0	Lit-BM-LT-17
14597	14754	0	Lit-BM-LT-17
10525	56684	0	Lit-BM-LT-17
100016179	3330	0	Lit-BM-LT-17
56684	10525	1	Lit-BM-LT-17
56382	9998	NA	Lit-BM-LT-17
13917	6982	NA	Lit-BM-LT-17
6559	6976	0	Lit-BM-LT-17
6337	54150	NA	Lit-BM-LT-17
100080534	3310	0	Lit-BM-LT-17
5908	100015250	0	Lit-BM-LT-17
8686	5469	NA	Lit-BM-LT-17
12443	14287	0	Lit-BM-LT-17
1945	1	1	Lit-BM-LT-17
53770	55309	0	Lit-BM-LT-17
7918	2633	0	Lit-BM-LT-17
52996	56335	0	Lit-BM-LT-17
10823	11800	0	Lit-BM-LT-17
6976	6559	0	Lit-BM-LT-17
56300	397	0	Lit-BM-LT-17
3016	3016	0	Lit-BM-LT-17
13762	3817	0	Lit-BM-LT-17
56061	100014263	0	Lit-BM-LT-17
100009344	732	0	Lit-BM-LT-17
100008999	12492	0	Lit-BM-LT-17
5923	3411	0	Lit-BM-LT-17
11800	251	0	Lit-BM-LT-17
70200	10856	NA	Lit-BM-LT-17
6843	2483	0	Lit-BM-LT-17
13970	10805	NA	Lit-BM-LT-17
9987	3874	NA	Lit-BM-LT-17
100009044	80385	AA	Lit-BM-LT-17
11997	8066	0	Lit-BM-LT-17
1551	100066420	0	Lit-BM-LT-17
100067768	8208	0	Lit-BM-LT-17
70513	100061549	0	Lit-BM-LT-17
70263	100008839	0	Lit-BM-LT-17
208	100068511	1	Lit-BM-LT-17
56644	100063969	NA	Lit-BM-LT-17
100009114	6680	0	Lit-BM-LT-17
5957	14956	0	Lit-BM-LT-17
12803	12010	0	Lit-BM-LT-17
535	71726	0	Lit-BM-LT-17
385	7953	0	Lit-BM-LT-17
100080638	53620	NA	Lit-BM-LT-17
13328	4123	0	Lit-BM-LT-17
9079	8409	0	Lit-BM-LT-17
12438	11822	0	Lit-BM-LT-17
4032	72151	0	Lit-BM-LT-17
71775	4636	0	Lit-BM-LT-17
11690	9581	NA	Lit-BM-LT-17
3722	7443	0	Lit-BM-LT-17
752	55128	0	Lit-BM-LT-17
570	2622	0	Lit-BM-LT-17
100016179	13880	NA	Lit-BM-LT-17
397	56300	0	Lit-BM-LT-17
251	11800	0	Lit-BM-LT-17
2801	54233	0	Lit-BM-LT-17
100009283	10357	AA	Lit-BM-LT-17
13022	8329	NA	Lit-BM-LT-17
4528	5658	0	Lit-BM-LT-17
12224	611	0	Lit-BM-LT-17
8139	2540	0	Lit-BM-LT-17
3726	6523	NA	Lit-BM-LT-17
339	100069198	0	Lit-BM-LT-17
56335	52996	NA	Lit-BM-LT-17
2714	100080500	AA	Lit-BM-LT-17
6157	3807	0	Lit-BM-LT-17
100080500	2714	0	Lit-BM-LT-17
4543	9722	0	Lit-BM-LT-17
5228	7273	0	Lit-BM-LT-17
3907	100015198	0	Lit-BM-LT-17
7953	385	0	Lit-BM-LT-17
7515	11214	1	Lit-BM-LT-17
70513	6323	0	Lit-BM-LT-17
56919	3587	0	Lit-BM-LT-17
10726	8626	0	Lit-BM-LT-17
503	52628	0	Lit-BM-LT-17
26	2424	0	Lit-BM-LT-17
9998	56382	NA	Lit-BM-LT-17
5658	4528	0	Lit-BM-LT-17
1694	100008847	0	Lit-BM-LT-17
100069132	3250	0	Lit-BM-LT-17
11075	100005032	0	Lit-BM-LT-17
7076	14238	0	Lit-BM-LT-17
42	71311	AA	Lit-BM-LT-17
2987	5834	0	Lit-BM-LT-17
6442	6358	0	Lit-BM-LT-17
6323	6919	0	Lit-BM-LT-17
100009691	100009691	0	Lit-BM-LT-17
4558	70947	0	Lit-BM-LT-17
100000049	54233	0	Lit-BM-LT-17
80385	100009044	0	Lit-BM-LT-17
5515	2430	0	Lit-BM-LT-17
54276	5585	0	Lit-BM-LT-17
3817	13762	0	Lit-BM-LT-17
71567	14640	0	Lit-BM-LT-17
53258	2697	0	Lit-BM-LT-17
7678	9233	0	Lit-BM-LT-17
3434	56621	0	Lit-BM-LT-17
10799	55174	0	Lit-BM-LT-17
65	8024	0	Lit-BM-LT-17
56442	9270	0	Lit-BM-LT-17
6660	2219	0	Lit-BM-LT-17
100011435	26	NA	Lit-BM-LT-17
6488	56919	0	Lit-BM-LT-17
2788	2788	0	Lit-BM-LT-17
100080638	54280	0	Lit-BM-LT-17
13373	9671	0	Lit-BM-LT-17
100009262	13195	NA	Lit-BM-LT-17
8122	8536	0	Lit-BM-LT-17
72151	4032	0	Lit-BM-LT-17
54080	13160	1	Lit-BM-LT-17
53620	100080638	0	Lit-BM-LT-17
839	100015498	0	Lit-BM-LT-17
624	4996	NA	Lit-BM-LT-17
7064	4350	1	Lit-BM-LT-17
56166	2174	0	Lit-BM-LT-17
6151	4262	0	Lit-BM-LT-17
2633	7918	0	Lit-BM-LT-17
13195	100009262	0	Lit-BM-LT-17
12865	100009730	0	Lit-BM-LT-17
2261	4956	0	Lit-BM-LT-17
11972	10051	0	Lit-BM-LT-17
10618	113	0	Lit-BM-LT-17
14238	7076	0	Lit-BM-LT-17
10053	13665	0	Lit-BM-LT-17
56340	775	0	Lit-BM-LT-17
6523	3726	0	Lit-BM-LT-17
9722	4543	0	Lit-BM-LT-17
56074	4094	0	Lit-BM-LT-17
12544	12544	1	Lit-BM-LT-17
3740	5898	1	Lit-BM-LT-17
3701	6224	0	Lit-BM-LT-17
3411	5923	0	Lit-BM-LT-17
14691	3697	0	Lit-BM-LT-17
14514	5627	0	Lit-BM-LT-17
6873	11725	0	Lit-BM-LT-17
13645	3310	0	Lit-BM-LT-17
4711	4711	0	Lit-BM-LT-17
55309	53770	0	Lit-BM-LT-17
8409	9079	0	Lit-BM-LT-17
3971	5422	0	Lit-BM-LT-17
71003	100068974	0	Lit-BM-LT-17
70947	4558	0	Lit-BM-LT-17
3267	71767	0	Lit-BM-LT-17
3120	2331	0	Lit-BM-LT-17
2697	53258	NA	Lit-BM-LT-17
4728	53216	0	Lit-BM-LT-17
100009783	9159	0	Lit-BM-LT-17
13160	54080	1	Lit-BM-LT-17
100008839	4956	0	Lit-BM-LT-17
8626	10726	0	Lit-BM-LT-17
8321	2866	0	Lit-BM-LT-17
71767	3267	0	Lit-BM-LT-17
3820	2540	0	Lit-BM-LT-17
71056	3978	0	Lit-BM-LT-17
52967	100009344	0	Lit-BM-LT-17
7442	11806	0	Lit-BM-LT-17
100080796	2405	0	Lit-BM-LT-17
10104	4233	0	Lit-BM-LT-17
8329	13022	0	Lit-BM-LT-17
54316	11222	1	Lit-BM-LT-17
11725	6873	0	Lit-BM-LT-17
71311	42	0	Lit-BM-LT-17
53114	14756	0	Lit-BM-LT-17
7273	5228	0	Lit-BM-LT-17
70107	807	0	Lit-BM-LT-17
490	72167	0	Lit-BM-LT-17
14377	7038	0	Lit-BM-LT-17
4887	6699	0	Lit-BM-LT-17
4543	5228	0	Lit-BM-LT-17
55116	13003	0	Lit-BM-LT-17
8196	413	0	Lit-BM-LT-17
5348	12474	0	Lit-BM-LT-17
5228	4543	0	Lit-BM-LT-17
5118	13158	0	Lit-BM-LT-17
1136	100063969	0	Lit-BM-LT-17
52876	12544	NA	Lit-BM-LT-17
687	8335	0	Lit-BM-LT-17
6982	13917	0	Lit-BM-LT-17
6853	4004	0	Lit-BM-LT-17
14385	2786	0	Lit-BM-LT-17
6158	100011133	NA	Lit-BM-LT-17
4350	7064	0	Lit-BM-LT-17
4094	56074	0	Lit-BM-LT-17
5350	11609	0	Lit-BM-LT-17
7977	10041	0	Lit-BM-LT-17
100069128	100062305	0	Lit-BM-LT-17
53770	634	0	Lit-BM-LT-17
100066420	1551	0	Lit-BM-LT-17
70513	100070216	AA	Lit-BM-LT-17
56664	9844	0	Lit-BM-LT-17
5962	71721	0	Lit-BM-LT-17
2405	100080796	0	Lit-BM-LT-17
5898	3740	1	Lit-BM-LT-17
55174	10799	0	Lit-BM-LT-17
2174	56166	0	Lit-BM-LT-17
12010	12803	0	Lit-BM-LT-17
71726	535	NA	Lit-BM-LT-17
3807	6157	0	Lit-BM-LT-17
7582	71257	0	Lit-BM-LT-17
732	100009344	0	Lit-BM-LT-17
113	10618	0	Lit-BM-LT-17
10357	100009283	0	Lit-BM-LT-17
10224	13622	1	Lit-BM-LT-17
6704	71335	0	Lit-BM-LT-17
100008847	1694	NA	Lit-BM-LT-17
2424	26	0	Lit-BM-LT-17
4362	11832	0	Lit-BM-LT-17
12309	7524	0	Lit-BM-LT-17
11939	55199	0	Lit-BM-LT-17
52986	71301	0	Lit-BM-LT-17
756	2094	0	Lit-BM-LT-17
10820	10820	0	Lit-BM-LT-17
10632	4718	0	Lit-BM-LT-17
323	4435	1	Lit-BM-LT-17
6512	6512	0	Lit-BM-LT-17
6358	6442	0	Lit-BM-LT-17
13582	100068974	0	Lit-BM-LT-17
2622	570	NA	Lit-BM-LT-17
9477	53254	0	Lit-BM-LT-17
100000465	100069176	0	Lit-BM-LT-17
8795	100011133	0	Lit-BM-LT-17
12474	5348	0	Lit-BM-LT-17
4144	56067	0	Lit-BM-LT-17
3587	56919	0	Lit-BM-LT-17
6919	6323	0	Lit-BM-LT-17
6671	100070227	0	Lit-BM-LT-17
9844	56664	NA	Lit-BM-LT-17
100009344	52967	NA	Lit-BM-LT-17
9233	7678	0	Lit-BM-LT-17
5627	14514	0	Lit-BM-LT-17
11800	10823	0	Lit-BM-LT-17
53364	12815	0	Lit-BM-LT-17
70513	14143	0	Lit-BM-LT-17
56919	6488	0	Lit-BM-LT-17
3310	100080534	0	Lit-BM-LT-17
10160	11727	0	Lit-BM-LT-17
2866	8321	0	Lit-BM-LT-17
2687	2687	0	Lit-BM-LT-17
2540	8139	0	Lit-BM-LT-17
2331	3120	0	Lit-BM-LT-17
5834	2987	0	Lit-BM-LT-17
4233	10104	0	Lit-BM-LT-17
3865	56121	0	Lit-BM-LT-17
100068974	71003	0	Lit-BM-LT-17
11285	14754	0	Lit-BM-LT-17
56249	10487	0	Lit-BM-LT-17
100011133	8795	0	Lit-BM-LT-17
56121	3865	0	Lit-BM-LT-17
9671	13373	0	Lit-BM-LT-17
100010147	100062530	0	Lit-BM-LT-17
13158	5118	0	Lit-BM-LT-17
100080511	3390	NA	Lit-BM-LT-17
2483	6843	0	Lit-BM-LT-17
4564	7064	0	Lit-BM-LT-17
12299	209	NA	Lit-BM-LT-17
54280	100080638	0	Lit-BM-LT-17
12016	385	0	Lit-BM-LT-17
11826	2666	0	Lit-BM-LT-17
53258	100070227	0	Lit-BM-LT-17
10927	100080804	0	Lit-BM-LT-17
10805	13970	0	Lit-BM-LT-17
10373	14554	0	Lit-BM-LT-17
100011444	100067220	0	Lit-BM-LT-17
6490	11403	0	Lit-BM-LT-17
6141	100011233	0	Lit-BM-LT-17
9581	11690	0	Lit-BM-LT-17
13003	55116	0	Lit-BM-LT-17
8536	8122	0	Lit-BM-LT-17
5585	54276	NA	Lit-BM-LT-17
100070227	53258	0	Lit-BM-LT-17
71301	52986	0	Lit-BM-LT-17
14956	5957	0	Lit-BM-LT-17
764	764	NA	Lit-BM-LT-17
634	53770	0	Lit-BM-LT-17
6916	2555	0	Lit-BM-LT-17
100080804	10927	0	Lit-BM-LT-17
1	1945	0	Lit-BM-LT-17
10051	11972	0	Lit-BM-LT-17
56067	4144	0	Lit-BM-LT-17
6151	11222	0	Lit-BM-LT-17
9159	100009783	0	Lit-BM-LT-17
5422	3971	0	Lit-BM-LT-17
72179	55210	0	Lit-BM-LT-17
1845	1845	1	Lit-BM-LT-17
1660	10354	0	Lit-BM-HT-17
5059	55203	0	Lit-BM-HT-17
1551	2961	0	Lit-BM-HT-17
71461	71385	0	Lit-BM-HT-17
52875	915	NA	Lit-BM-HT-17
10961	100008859	0	Lit-BM-HT-17
14543	14543	0	Lit-BM-HT-17
10155	8010	0	Lit-BM-HT-17
13451	7742	0	Lit-BM-HT-17
2666	9751	0	Lit-BM-HT-17
55203	9380	NA	Lit-BM-HT-17
53955	71264	0	Lit-BM-HT-17
3791	100066392	NA	Lit-BM-HT-17
1063	55809	0	Lit-BM-HT-17
70910	5674	0	Lit-BM-HT-17
7372	100062227	0	Lit-BM-HT-17
14543	100010572	0	Lit-BM-HT-17
6935	100002314	0	Lit-BM-HT-17
3192	1050	0	Lit-BM-HT-17
3154	2359	0	Lit-BM-HT-17
56354	55636	1	Lit-BM-HT-17
56227	13748	0	Lit-BM-HT-17
9878	10123	0	Lit-BM-HT-17
55855	14543	0	Lit-BM-HT-17
6120	8905	0	Lit-BM-HT-17
55203	71242	0	Lit-BM-HT-17
4448	14543	0	Lit-BM-HT-17
8010	7583	0	Lit-BM-HT-17
100070227	2483	0	Lit-BM-HT-17
7774	3878	0	Lit-BM-HT-17
11636	71264	0	Lit-BM-HT-17
3635	2486	NA	Lit-BM-HT-17
3273	2917	0	Lit-BM-HT-17
14543	3741	1	Lit-BM-HT-17
14143	10726	0	Lit-BM-HT-17
4960	4677	0	Lit-BM-HT-17
6129	14543	0	Lit-BM-HT-17
2486	3635	0	Lit-BM-HT-17
12853	14543	0	Lit-BM-HT-17
12017	3380	AA	Lit-BM-HT-17
5107	3585	0	Lit-BM-HT-17
3888	55203	0	Lit-BM-HT-17
1499	10853	NA	Lit-BM-HT-17
71264	53955	0	Lit-BM-HT-17
11550	100000459	0	Lit-BM-HT-17
11333	4265	0	Lit-BM-HT-17
70355	8208	0	Lit-BM-HT-17
7063	71264	0	Lit-BM-HT-17
100062227	2863	0	Lit-BM-HT-17
6970	100009829	0	Lit-BM-HT-17
14543	4983	0	Lit-BM-HT-17
100011238	14671	0	Lit-BM-HT-17
100008859	10961	0	Lit-BM-HT-17
55203	3156	0	Lit-BM-HT-17
3836	14543	0	Lit-BM-HT-17
915	2094	0	Lit-BM-HT-17
3456	5158	0	Lit-BM-HT-17
100062227	100009791	0	Lit-BM-HT-17
14543	9996	0	Lit-BM-HT-17
3024	71264	NA	Lit-BM-HT-17
2961	1551	0	Lit-BM-HT-17
100010602	4262	0	Lit-BM-HT-17
6157	6753	0	Lit-BM-HT-17
2393	52628	NA	Lit-BM-HT-17
4421	53090	0	Lit-BM-HT-17
5135	14543	0	Lit-BM-HT-17
3907	100070339	0	Lit-BM-HT-17
10726	10726	0	Lit-BM-HT-17
14543	55855	0	Lit-BM-HT-17
3243	14543	0	Lit-BM-HT-17
3154	71146	0	Lit-BM-HT-17
13118	14956	0	Lit-BM-HT-17
55203	12154	0	Lit-BM-HT-17
12792	11305	1	Lit-BM-HT-17
1895	4045	0	Lit-BM-HT-17
8010	6559	0	Lit-BM-HT-17
71722	7799	0	Lit-BM-HT-17
3741	14543	0	Lit-BM-HT-17
891	55203	0	Lit-BM-HT-17
732	3706	0	Lit-BM-HT-17
14543	3143	0	Lit-BM-HT-17
56119	55733	0	Lit-BM-HT-17
4828	3192	0	Lit-BM-HT-17
55699	4551	0	Lit-BM-HT-17
2561	10820	1	Lit-BM-HT-17
4452	5200	1	Lit-BM-HT-17
4262	2214	0	Lit-BM-HT-17
8010	10155	0	Lit-BM-HT-17
3874	55203	0	Lit-BM-HT-17
7776	70202	NA	Lit-BM-HT-17
71385	71461	0	Lit-BM-HT-17
71264	7063	0	Lit-BM-HT-17
909	442	0	Lit-BM-HT-17
7076	100069279	0	Lit-BM-HT-17
14543	4448	0	Lit-BM-HT-17
9751	70262	0	Lit-BM-HT-17
100011233	55203	0	Lit-BM-HT-17
2709	12870	0	Lit-BM-HT-17
12865	4453	0	Lit-BM-HT-17
55203	891	0	Lit-BM-HT-17
2245	14385	0	Lit-BM-HT-17
14543	5988	0	Lit-BM-HT-17
3156	55203	0	Lit-BM-HT-17
4595	4384	0	Lit-BM-HT-17
12865	100015498	0	Lit-BM-HT-17
55203	3874	NA	Lit-BM-HT-17
4001	5876	0	Lit-BM-HT-17
71456	14543	0	Lit-BM-HT-17
11590	1832	0	Lit-BM-HT-17
915	52875	0	Lit-BM-HT-17
14543	12853	0	Lit-BM-HT-17
14385	2245	0	Lit-BM-HT-17
13451	6838	0	Lit-BM-HT-17
6157	100063943	1	Lit-BM-HT-17
55809	1063	0	Lit-BM-HT-17
4689	5957	0	Lit-BM-HT-17
100009513	100011238	0	Lit-BM-HT-17
55203	8022	0	Lit-BM-HT-17
8904	14543	0	Lit-BM-HT-17
11800	55726	0	Lit-BM-HT-17
3706	732	0	Lit-BM-HT-17
14543	100010379	0	Lit-BM-HT-17
6753	6157	0	Lit-BM-HT-17
55203	56356	NA	Lit-BM-HT-17
5674	70910	NA	Lit-BM-HT-17
11805	55888	0	Lit-BM-HT-17
7774	915	0	Lit-BM-HT-17
3633	55203	0	Lit-BM-HT-17
10794	3715	0	Lit-BM-HT-17
14543	3482	0	Lit-BM-HT-17
56677	13531	NA	Lit-BM-HT-17
10354	1660	0	Lit-BM-HT-17
4728	56344	0	Lit-BM-HT-17
100009142	100009142	0	Lit-BM-HT-17
6012	909	0	Lit-BM-HT-17
2483	100070227	0	Lit-BM-HT-17
5864	4828	0	Lit-BM-HT-17
5743	478	0	Lit-BM-HT-17
5175	5441	0	Lit-BM-HT-17
100068218	7076	0	Lit-BM-HT-17
71264	11636	0	Lit-BM-HT-17
11545	5743	1	Lit-BM-HT-17
100067112	12472	0	Lit-BM-HT-17
52973	71385	NA	Lit-BM-HT-17
909	6012	NA	Lit-BM-HT-17
10820	2561	0	Lit-BM-HT-17
113	56157	0	Lit-BM-HT-17
14543	4808	0	Lit-BM-HT-17
3154	9897	0	Lit-BM-HT-17
6504	100009950	NA	Lit-BM-HT-17
4983	14543	0	Lit-BM-HT-17
2709	100015498	0	Lit-BM-HT-17
55203	2870	NA	Lit-BM-HT-17
12462	55203	0	Lit-BM-HT-17
12042	55203	0	Lit-BM-HT-17
100070284	333	0	Lit-BM-HT-17
11727	6970	0	Lit-BM-HT-17
7699	6708	NA	Lit-BM-HT-17
56861	11805	1	Lit-BM-HT-17
14638	14543	0	Lit-BM-HT-17
14543	8904	0	Lit-BM-HT-17
6832	3952	0	Lit-BM-HT-17
3152	3192	0	Lit-BM-HT-17
13962	5348	0	Lit-BM-HT-17
100009829	6970	0	Lit-BM-HT-17
2500	4919	0	Lit-BM-HT-17
55203	5059	NA	Lit-BM-HT-17
4421	4421	0	Lit-BM-HT-17
4333	4333	0	Lit-BM-HT-17
12344	1884	0	Lit-BM-HT-17
5348	13962	0	Lit-BM-HT-17
5125	3425	1	Lit-BM-HT-17
5066	5219	0	Lit-BM-HT-17
71184	5001	0	Lit-BM-HT-17
7076	6578	1	Lit-BM-HT-17
14671	100011238	0	Lit-BM-HT-17
6982	100009344	0	Lit-BM-HT-17
14543	14638	0	Lit-BM-HT-17
3039	8065	0	Lit-BM-HT-17
9864	1919	1	Lit-BM-HT-17
6432	11747	NA	Lit-BM-HT-17
2863	100062227	0	Lit-BM-HT-17
4702	14543	NA	Lit-BM-HT-17
4551	55699	0	Lit-BM-HT-17
55203	12042	0	Lit-BM-HT-17
2311	55203	0	Lit-BM-HT-17
8905	6120	NA	Lit-BM-HT-17
54455	56086	0	Lit-BM-HT-17
1884	12344	0	Lit-BM-HT-17
11804	10412	0	Lit-BM-HT-17
7735	55203	0	Lit-BM-HT-17
14543	2370	0	Lit-BM-HT-17
3192	3152	0	Lit-BM-HT-17
10066	100011091	0	Lit-BM-HT-17
56356	55203	0	Lit-BM-HT-17
56119	53625	0	Lit-BM-HT-17
4644	14543	0	Lit-BM-HT-17
5861	14543	0	Lit-BM-HT-17
12010	14543	0	Lit-BM-HT-17
3928	9899	0	Lit-BM-HT-17
11735	55203	0	Lit-BM-HT-17
71385	52973	0	Lit-BM-HT-17
1081	53603	NA	Lit-BM-HT-17
71264	3024	0	Lit-BM-HT-17
11305	12792	0	Lit-BM-HT-17
14543	3859	0	Lit-BM-HT-17
14385	14638	0	Lit-BM-HT-17
305	14543	0	Lit-BM-HT-17
56157	113	0	Lit-BM-HT-17
9751	2666	0	Lit-BM-HT-17
100011233	12381	0	Lit-BM-HT-17
4739	6873	0	Lit-BM-HT-17
55203	422	NA	Lit-BM-HT-17
12668	12668	0	Lit-BM-HT-17
4262	100010602	0	Lit-BM-HT-17
4045	1895	0	Lit-BM-HT-17
1343	100066864	0	Lit-BM-HT-17
7799	71722	0	Lit-BM-HT-17
3585	5107	0	Lit-BM-HT-17
14543	5861	0	Lit-BM-HT-17
478	5743	0	Lit-BM-HT-17
399	2987	0	Lit-BM-HT-17
6578	7076	0	Lit-BM-HT-17
100011238	100066551	0	Lit-BM-HT-17
9698	258	NA	Lit-BM-HT-17
100009819	2486	0	Lit-BM-HT-17
100080599	14543	0	Lit-BM-HT-17
4677	4960	0	Lit-BM-HT-17
55203	3860	NA	Lit-BM-HT-17
5410	4262	0	Lit-BM-HT-17
5348	4131	0	Lit-BM-HT-17
5109	100015531	0	Lit-BM-HT-17
7338	56677	0	Lit-BM-HT-17
10853	1499	0	Lit-BM-HT-17
3380	12017	1	Lit-BM-HT-17
14543	12724	0	Lit-BM-HT-17
258	4015	0	Lit-BM-HT-17
100014292	72165	0	Lit-BM-HT-17
100009829	10117	0	Lit-BM-HT-17
5988	14543	0	Lit-BM-HT-17
55203	7735	0	Lit-BM-HT-17
4007	9707	0	Lit-BM-HT-17
8000	14543	0	Lit-BM-HT-17
3859	14543	0	Lit-BM-HT-17
1050	3192	NA	Lit-BM-HT-17
70262	9751	0	Lit-BM-HT-17
3314	14543	0	Lit-BM-HT-17
14543	71456	0	Lit-BM-HT-17
6935	14755	0	Lit-BM-HT-17
3154	1455	0	Lit-BM-HT-17
13668	4262	0	Lit-BM-HT-17
2870	55203	0	Lit-BM-HT-17
6175	100009829	0	Lit-BM-HT-17
4554	11484	0	Lit-BM-HT-17
55203	56294	0	Lit-BM-HT-17
8065	3039	0	Lit-BM-HT-17
10779	100000459	0	Lit-BM-HT-17
14543	3314	0	Lit-BM-HT-17
442	909	0	Lit-BM-HT-17
58	13195	0	Lit-BM-HT-17
56423	8010	0	Lit-BM-HT-17
4828	5864	0	Lit-BM-HT-17
55699	70593	0	Lit-BM-HT-17
100002314	6935	0	Lit-BM-HT-17
9012	71264	0	Lit-BM-HT-17
2214	4262	0	Lit-BM-HT-17
11747	6432	NA	Lit-BM-HT-17
71264	9012	0	Lit-BM-HT-17
14755	6935	0	Lit-BM-HT-17
6970	11727	0	Lit-BM-HT-17
3290	55203	NA	Lit-BM-HT-17
14543	4702	0	Lit-BM-HT-17
6559	8010	0	Lit-BM-HT-17
3011	304	NA	Lit-BM-HT-17
4757	4757	0	Lit-BM-HT-17
13195	58	0	Lit-BM-HT-17
55203	2741	NA	Lit-BM-HT-17
72165	100014292	0	Lit-BM-HT-17
5219	5066	0	Lit-BM-HT-17
14956	13118	0	Lit-BM-HT-17
10663	24	0	Lit-BM-HT-17
14543	8000	0	Lit-BM-HT-17
399	54902	NA	Lit-BM-HT-17
333	100070284	0	Lit-BM-HT-17
3154	13269	0	Lit-BM-HT-17
9707	4007	NA	Lit-BM-HT-17
100010572	14543	0	Lit-BM-HT-17
100009344	6982	NA	Lit-BM-HT-17
55203	4000	0	Lit-BM-HT-17
71997	4632	0	Lit-BM-HT-17
5061	100010963	NA	Lit-BM-HT-17
258	9698	0	Lit-BM-HT-17
56344	4728	0	Lit-BM-HT-17
9996	14543	0	Lit-BM-HT-17
6523	5864	0	Lit-BM-HT-17
56086	54455	0	Lit-BM-HT-17
2741	55203	0	Lit-BM-HT-17
55203	11735	NA	Lit-BM-HT-17
4431	8010	AA	Lit-BM-HT-17
12381	100011233	0	Lit-BM-HT-17
5441	5175	0	Lit-BM-HT-17
8208	70355	0	Lit-BM-HT-17
8010	4431	NA	Lit-BM-HT-17
3860	55203	0	Lit-BM-HT-17
11484	4554	0	Lit-BM-HT-17
949	55203	0	Lit-BM-HT-17
3482	14543	0	Lit-BM-HT-17
100063943	6157	0	Lit-BM-HT-17
14543	100080599	0	Lit-BM-HT-17
14543	305	0	Lit-BM-HT-17
422	55203	0	Lit-BM-HT-17
3154	2714	0	Lit-BM-HT-17
2987	399	0	Lit-BM-HT-17
100011091	10066	0	Lit-BM-HT-17
56115	14543	0	Lit-BM-HT-17
2549	53934	0	Lit-BM-HT-17
55203	100011233	0	Lit-BM-HT-17
100000049	9079	0	Lit-BM-HT-17
4360	11907	0	Lit-BM-HT-17
7776	11317	0	Lit-BM-HT-17
1081	7931	0	Lit-BM-HT-17
3722	113	0	Lit-BM-HT-17
14543	3836	0	Lit-BM-HT-17
100015085	4144	0	Lit-BM-HT-17
2917	3273	0	Lit-BM-HT-17
100010379	14543	0	Lit-BM-HT-17
4739	3380	AA	Lit-BM-HT-17
13171	7064	0	Lit-BM-HT-17
5864	6523	0	Lit-BM-HT-17
4262	13668	0	Lit-BM-HT-17
12154	55203	0	Lit-BM-HT-17
3944	4958	0	Lit-BM-HT-17
5109	4595	0	Lit-BM-HT-17
1499	100009819	0	Lit-BM-HT-17
53620	399	NA	Lit-BM-HT-17
14543	5135	0	Lit-BM-HT-17
478	915	0	Lit-BM-HT-17
10117	100009829	0	Lit-BM-HT-17
6564	14543	0	Lit-BM-HT-17
56294	55203	0	Lit-BM-HT-17
100011238	100009513	0	Lit-BM-HT-17
100009819	1499	0	Lit-BM-HT-17
55733	56119	0	Lit-BM-HT-17
2486	100009819	0	Lit-BM-HT-17
12865	71079	0	Lit-BM-HT-17
55203	3290	0	Lit-BM-HT-17
4000	55203	0	Lit-BM-HT-17
3380	4739	0	Lit-BM-HT-17
14543	12010	0	Lit-BM-HT-17
10300	7076	1	Lit-BM-HT-17
4780	53267	0	Lit-BM-HT-17
5987	55203	0	Lit-BM-HT-17
55203	5987	NA	Lit-BM-HT-17
12724	14543	NA	Lit-BM-HT-17
5228	13208	0	Lit-BM-HT-17
11907	4360	1	Lit-BM-HT-17
1380	100080614	0	Lit-BM-HT-17
10726	14143	0	Lit-BM-HT-17
14543	56115	0	Lit-BM-HT-17
6873	4739	0	Lit-BM-HT-17
4808	14543	0	Lit-BM-HT-17
100009950	6504	0	Lit-BM-HT-17
100080614	1380	0	Lit-BM-HT-17
4632	71997	0	Lit-BM-HT-17
5957	4689	0	Lit-BM-HT-17
55203	12462	NA	Lit-BM-HT-17
4015	258	0	Lit-BM-HT-17
3715	10794	0	Lit-BM-HT-17
71242	55203	NA	Lit-BM-HT-17
100066551	100011238	0	Lit-BM-HT-17
3425	5125	1	Lit-BM-HT-17
14543	3243	0	Lit-BM-HT-17
3192	4828	0	Lit-BM-HT-17
13531	56677	0	Lit-BM-HT-17
55888	11805	0	Lit-BM-HT-17
9380	55203	0	Lit-BM-HT-17
5158	3456	0	Lit-BM-HT-17
53090	4421	0	Lit-BM-HT-17
7583	8010	0	Lit-BM-HT-17
70593	55699	0	Lit-BM-HT-17
56688	3120	0	Lit-BM-HT-17
6708	7699	0	Lit-BM-HT-17
3120	56688	0	Lit-BM-HT-17
9764	584	0	Lit-BM-HT-17
100009791	100062227	0	Lit-BM-HT-17
55726	11800	0	Lit-BM-HT-17
55203	949	NA	Lit-BM-HT-17
2370	14543	NA	Lit-BM-HT-17
4384	4595	0	Lit-BM-HT-17
12443	55203	0	Lit-BM-HT-17
54902	399	0	Lit-BM-HT-17
2094	915	0	Lit-BM-HT-17
4131	5348	0	Lit-BM-HT-17
100069279	7076	0	Lit-BM-HT-17
53625	56119	0	Lit-BM-HT-17
915	478	0	Lit-BM-HT-17
7270	8141	0	Lit-BM-HT-17
14638	14385	0	Lit-BM-HT-17
14543	6129	0	Lit-BM-HT-17
399	53620	NA	Lit-BM-HT-17
6819	399	1	Lit-BM-HT-17
3143	14543	0	Lit-BM-HT-17
13208	5228	NA	Lit-BM-HT-17
55203	3888	NA	Lit-BM-HT-17
5876	4001	0	Lit-BM-HT-17
4144	100015085	0	Lit-BM-HT-17
8022	55203	0	Lit-BM-HT-17
71180	4540	0	Lit-BS-LT-17
100067228	5082	NA	Lit-BS-LT-17
14994	3202	0	Lit-BS-LT-17
6933	12877	NA	Lit-BS-LT-17
107	7467	0	Lit-BS-LT-17
13972	56919	0	Lit-BS-LT-17
2966	10125	0	Lit-BS-LT-17
13611	54034	0	Lit-BS-LT-17
100009631	6440	1	Lit-BS-LT-17
13229	100015982	NA	Lit-BS-LT-17
12554	14754	0	Lit-BS-LT-17
4187	2420	0	Lit-BS-LT-17
71933	12915	0	Lit-BS-LT-17
71538	7439	0	Lit-BS-LT-17
4556	137	NA	Lit-BS-LT-17
5898	1849	0	Lit-BS-LT-17
4251	9283	0	Lit-BS-LT-17
955	5819	0	Lit-BS-LT-17
7582	9895	0	Lit-BS-LT-17
3568	10621	NA	Lit-BS-LT-17
70285	55636	0	Lit-BS-LT-17
14891	5274	0	Lit-BS-LT-17
732	56049	0	Lit-BS-LT-17
100061944	7010	0	Lit-BS-LT-17
6885	1195	0	Lit-BS-LT-17
13867	100000052	1	Lit-BS-LT-17
100010379	9283	0	Lit-BS-LT-17
9627	55205	0	Lit-BS-LT-17
100009791	3254	0	Lit-BS-LT-17
100080574	100080541	0	Lit-BS-LT-17
5905	3579	0	Lit-BS-LT-17
2352	14943	0	Lit-BS-LT-17
4453	4077	0	Lit-BS-LT-17
8626	14730	NA	Lit-BS-LT-17
71965	6919	0	Lit-BS-LT-17
11756	100009791	0	Lit-BS-LT-17
3820	100069087	0	Lit-BS-LT-17
1105	4778	0	Lit-BS-LT-17
7682	10163	1	Lit-BS-LT-17
71073	53883	0	Lit-BS-LT-17
14920	14920	NA	Lit-BS-LT-17
100016179	100069071	0	Lit-BS-LT-17
10392	7898	0	Lit-BS-LT-17
10256	9283	0	Lit-BS-LT-17
6563	12100	1	Lit-BS-LT-17
3011	6129	0	Lit-BS-LT-17
2812	71567	0	Lit-BS-LT-17
4852	10165	0	Lit-BS-LT-17
55732	54848	0	Lit-BS-LT-17
13195	1264	0	Lit-BS-LT-17
55446	14816	1	Lit-BS-LT-17
55205	53162	0	Lit-BS-LT-17
9285	52879	0	Lit-BS-LT-17
54322	5834	0	Lit-BS-LT-17
3683	7898	0	Lit-BS-LT-17
10558	11006	0	Lit-BS-LT-17
493	3873	0	Lit-BS-LT-17
3205	12070	0	Lit-BS-LT-17
9833	55205	0	Lit-BS-LT-17
55218	55218	0	Lit-BS-LT-17
12877	6933	0	Lit-BS-LT-17
53842	10317	0	Lit-BS-LT-17
53747	7853	0	Lit-BS-LT-17
3739	3860	0	Lit-BS-LT-17
70215	100002626	0	Lit-BS-LT-17
693	52696	0	Lit-BS-LT-17
137	4556	0	Lit-BS-LT-17
10317	53842	0	Lit-BS-LT-17
6743	9283	0	Lit-BS-LT-17
100010717	2448	0	Lit-BS-LT-17
5989	6970	0	Lit-BS-LT-17
55296	2595	0	Lit-BS-LT-17
100008515	2966	0	Lit-BS-LT-17
12070	70204	NA	Lit-BS-LT-17
54230	100000052	0	Lit-BS-LT-17
71941	10891	0	Lit-BS-LT-17
53886	6129	0	Lit-BS-LT-17
71557	4044	0	Lit-BS-LT-17
1195	6885	0	Lit-BS-LT-17
7630	10705	0	Lit-BS-LT-17
3625	56335	0	Lit-BS-LT-17
52912	52694	0	Lit-BS-LT-17
100015982	13229	NA	Lit-BS-LT-17
3110	100066557	0	Lit-BS-LT-17
55205	2161	0	Lit-BS-LT-17
5898	100015528	0	Lit-BS-LT-17
12435	100068212	1	Lit-BS-LT-17
8309	55853	0	Lit-BS-LT-17
71568	2004	0	Lit-BS-LT-17
100064157	54530	0	Lit-BS-LT-17
100064010	12578	0	Lit-BS-LT-17
10621	2417	0	Lit-BS-LT-17
6885	6053	NA	Lit-BS-LT-17
69	48	NA	Lit-BS-LT-17
6490	3242	0	Lit-BS-LT-17
9694	100009283	0	Lit-BS-LT-17
100009791	11756	0	Lit-BS-LT-17
55718	55718	1	Lit-BS-LT-17
9283	6820	0	Lit-BS-LT-17
100000265	5905	NA	Lit-BS-LT-17
12314	3874	0	Lit-BS-LT-17
966	100011425	0	Lit-BS-LT-17
3521	3521	0	Lit-BS-LT-17
6916	1458	0	Lit-BS-LT-17
14399	100015982	0	Lit-BS-LT-17
10122	71078	0	Lit-BS-LT-17
3135	7037	NA	Lit-BS-LT-17
10047	6709	0	Lit-BS-LT-17
2935	14484	NA	Lit-BS-LT-17
9704	6334	0	Lit-BS-LT-17
2710	56783	0	Lit-BS-LT-17
4764	55210	0	Lit-BS-LT-17
100009828	3416	0	Lit-BS-LT-17
9587	12337	0	Lit-BS-LT-17
4540	71180	0	Lit-BS-LT-17
9159	56690	0	Lit-BS-LT-17
2261	54212	NA	Lit-BS-LT-17
4279	232	0	Lit-BS-LT-17
72179	356	0	Lit-BS-LT-17
3852	55205	0	Lit-BS-LT-17
100069081	56458	0	Lit-BS-LT-17
53162	55205	0	Lit-BS-LT-17
1026	3529	0	Lit-BS-LT-17
7342	6768	NA	Lit-BS-LT-17
3152	10857	0	Lit-BS-LT-17
2961	14149	0	Lit-BS-LT-17
13611	14225	0	Lit-BS-LT-17
9336	9336	0	Lit-BS-LT-17
12733	71455	0	Lit-BS-LT-17
12260	56225	0	Lit-BS-LT-17
12070	3205	NA	Lit-BS-LT-17
2004	71568	NA	Lit-BS-LT-17
53842	100064157	0	Lit-BS-LT-17
3860	3739	NA	Lit-BS-LT-17
71679	7045	0	Lit-BS-LT-17
11611	53339	0	Lit-BS-LT-17
100067435	100009791	0	Lit-BS-LT-17
7372	71079	0	Lit-BS-LT-17
3416	100009828	0	Lit-BS-LT-17
3257	811	0	Lit-BS-LT-17
359	56382	NA	Lit-BS-LT-17
10165	4852	0	Lit-BS-LT-17
279	3339	0	Lit-BS-LT-17
56354	9384	0	Lit-BS-LT-17
56225	12260	0	Lit-BS-LT-17
13297	70198	0	Lit-BS-LT-17
12915	71933	0	Lit-BS-LT-17
2331	7119	0	Lit-BS-LT-17
5082	100067228	NA	Lit-BS-LT-17
3873	493	NA	Lit-BS-LT-17
71725	70284	0	Lit-BS-LT-17
1264	13195	0	Lit-BS-LT-17
11634	71568	0	Lit-BS-LT-17
100066557	3110	0	Lit-BS-LT-17
902	55205	0	Lit-BS-LT-17
70285	4558	0	Lit-BS-LT-17
232	4279	0	Lit-BS-LT-17
14737	14086	0	Lit-BS-LT-17
6770	12260	0	Lit-BS-LT-17
14309	3177	0	Lit-BS-LT-17
10035	15065	0	Lit-BS-LT-17
2786	6053	NA	Lit-BS-LT-17
2702	14966	NA	Lit-BS-LT-17
100008839	6970	0	Lit-BS-LT-17
2420	4187	0	Lit-BS-LT-17
55199	71469	0	Lit-BS-LT-17
100000052	54230	0	Lit-BS-LT-17
8626	11586	0	Lit-BS-LT-17
54896	71079	0	Lit-BS-LT-17
100064165	54731	0	Lit-BS-LT-17
6970	100008839	0	Lit-BS-LT-17
6708	71160	0	Lit-BS-LT-17
9635	9635	0	Lit-BS-LT-17
100080584	100080584	0	Lit-BS-LT-17
9283	100010379	0	Lit-BS-LT-17
5871	3135	0	Lit-BS-LT-17
12325	9704	0	Lit-BS-LT-17
1522	1522	1	Lit-BS-LT-17
71311	3660	0	Lit-BS-LT-17
7587	53941	0	Lit-BS-LT-17
53010	100070117	1	Lit-BS-LT-17
7467	107	NA	Lit-BS-LT-17
7119	2331	0	Lit-BS-LT-17
490	100069134	NA	Lit-BS-LT-17
6916	9283	0	Lit-BS-LT-17
2843	2843	0	Lit-BS-LT-17
8196	100010705	0	Lit-BS-LT-17
1661	13064	0	Lit-BS-LT-17
100069087	3820	0	Lit-BS-LT-17
1147	13519	0	Lit-BS-LT-17
11006	10558	0	Lit-BS-LT-17
15065	10035	0	Lit-BS-LT-17
14441	5864	0	Lit-BS-LT-17
3177	14309	0	Lit-BS-LT-17
359	3625	0	Lit-BS-LT-17
56198	100010648	0	Lit-BS-LT-17
13246	13246	0	Lit-BS-LT-17
55636	70285	0	Lit-BS-LT-17
2521	6435	0	Lit-BS-LT-17
2448	100010717	0	Lit-BS-LT-17
2161	55205	0	Lit-BS-LT-17
5457	100009791	0	Lit-BS-LT-17
4097	100068477	0	Lit-BS-LT-17
54223	1	NA	Lit-BS-LT-17
53883	71073	0	Lit-BS-LT-17
14730	8626	0	Lit-BS-LT-17
100015982	533	0	Lit-BS-LT-17
10194	7835	0	Lit-BS-LT-17
100010087	53842	0	Lit-BS-LT-17
55205	902	0	Lit-BS-LT-17
3874	12314	0	Lit-BS-LT-17
955	53767	NA	Lit-BS-LT-17
100064157	53842	0	Lit-BS-LT-17
3508	4671	0	Lit-BS-LT-17
10891	71941	0	Lit-BS-LT-17
14754	12554	0	Lit-BS-LT-17
100061944	100009344	0	Lit-BS-LT-17
3120	11857	0	Lit-BS-LT-17
9283	6743	0	Lit-BS-LT-17
12023	10566	0	Lit-BS-LT-17
71078	10122	0	Lit-BS-LT-17
11550	100005433	0	Lit-BS-LT-17
3660	71311	AA	Lit-BS-LT-17
3202	2448	0	Lit-BS-LT-17
6814	100014501	0	Lit-BS-LT-17
6709	10047	0	Lit-BS-LT-17
14215	40080641	0	Lit-BS-LT-17
3135	5871	NA	Lit-BS-LT-17
13423	71164	0	Lit-BS-LT-17
6038	1485	0	Lit-BS-LT-17
9485	12585	0	Lit-BS-LT-17
100080489	100080776	0	Lit-BS-LT-17
71455	12733	0	Lit-BS-LT-17
100068477	4097	0	Lit-BS-LT-17
11586	8626	NA	Lit-BS-LT-17
7587	100067615	NA	Lit-BS-LT-17
70198	13297	0	Lit-BS-LT-17
10705	7630	NA	Lit-BS-LT-17
6919	71965	AA	Lit-BS-LT-17
13611	10453	0	Lit-BS-LT-17
100080541	100080574	AA	Lit-BS-LT-17
4546	14735	0	Lit-BS-LT-17
40080641	14215	0	Lit-BS-LT-17
12260	6770	1	Lit-BS-LT-17
54212	2261	0	Lit-BS-LT-17
2004	6129	0	Lit-BS-LT-17
53842	100010087	0	Lit-BS-LT-17
3254	100009791	0	Lit-BS-LT-17
56354	858	0	Lit-BS-LT-17
100014501	6814	0	Lit-BS-LT-17
55853	8309	0	Lit-BS-LT-17
5834	54322	0	Lit-BS-LT-17
54233	54069	0	Lit-BS-LT-17
5274	14891	0	Lit-BS-LT-17
3908	3167	0	Lit-BS-LT-17
100070004	11440	NA	Lit-BS-LT-17
71567	2812	0	Lit-BS-LT-17
52694	52912	0	Lit-BS-LT-17
14737	10093	0	Lit-BS-LT-17
7037	3135	0	Lit-BS-LT-17
6701	6129	0	Lit-BS-LT-17
2996	13219	0	Lit-BS-LT-17
6129	6701	NA	Lit-BS-LT-17
55205	3852	NA	Lit-BS-LT-17
2417	10621	0	Lit-BS-LT-17
100000052	13867	0	Lit-BS-LT-17
12578	100064010	0	Lit-BS-LT-17
54848	55732	0	Lit-BS-LT-17
1485	6038	0	Lit-BS-LT-17
7898	10392	0	Lit-BS-LT-17
71568	11634	0	Lit-BS-LT-17
53262	9502	0	Lit-BS-LT-17
3579	5905	0	Lit-BS-LT-17
56690	9159	0	Lit-BS-LT-17
10385	3529	0	Lit-BS-LT-17
4981	6740	0	Lit-BS-LT-17
100009791	100067435	0	Lit-BS-LT-17
2595	55296	0	Lit-BS-LT-17
55205	9833	NA	Lit-BS-LT-17
9283	10256	0	Lit-BS-LT-17
5746	10621	0	Lit-BS-LT-17
8536	14027	0	Lit-BS-LT-17
100070227	71182	0	Lit-BS-LT-17
3951	71568	0	Lit-BS-LT-17
53934	4586	0	Lit-BS-LT-17
100069071	13972	0	Lit-BS-LT-17
71164	13423	0	Lit-BS-LT-17
3529	1026	0	Lit-BS-LT-17
770	100009631	NA	Lit-BS-LT-17
6820	9283	0	Lit-BS-LT-17
56582	3390	NA	Lit-BS-LT-17
3167	3908	0	Lit-BS-LT-17
1	54223	0	Lit-BS-LT-17
100015528	13598	NA	Lit-BS-LT-17
10125	2966	0	Lit-BS-LT-17
4778	1105	0	Lit-BS-LT-17
13219	2996	0	Lit-BS-LT-17
6053	6885	0	Lit-BS-LT-17
100008999	56458	0	Lit-BS-LT-17
55210	4764	0	Lit-BS-LT-17
12337	9587	0	Lit-BS-LT-17
4077	4453	0	Lit-BS-LT-17
1849	5898	0	Lit-BS-LT-17
53732	11638	0	Lit-BS-LT-17
71469	55199	0	Lit-BS-LT-17
53339	11611	0	Lit-BS-LT-17
53216	3557	0	Lit-BS-LT-17
71182	100070227	0	Lit-BS-LT-17
11440	100070004	0	Lit-BS-LT-17
70204	12070	0	Lit-BS-LT-17
3390	56582	NA	Lit-BS-LT-17
14441	3769	0	Lit-BS-LT-17
6740	4981	0	Lit-BS-LT-17
100080776	100080489	0	Lit-BS-LT-17
13972	100069071	0	Lit-BS-LT-17
2966	100008515	0	Lit-BS-LT-17
100010705	8196	0	Lit-BS-LT-17
2448	3202	0	Lit-BS-LT-17
100008339	100008339	0	Lit-BS-LT-17
4187	3741	0	Lit-BS-LT-17
53448	56382	NA	Lit-BS-LT-17
3741	4187	1	Lit-BS-LT-17
3625	359	0	Lit-BS-LT-17
811	3257	0	Lit-BS-LT-17
56919	13972	0	Lit-BS-LT-17
100011425	966	0	Lit-BS-LT-17
6440	100009631	0	Lit-BS-LT-17
13519	1147	0	Lit-BS-LT-17
100080502	100080502	1	Lit-BS-LT-17
4558	70285	0	Lit-BS-LT-17
54530	100064157	0	Lit-BS-LT-17
54024	100015173	NA	Lit-BS-LT-17
100070117	53010	0	Lit-BS-LT-17
11638	53732	0	Lit-BS-LT-17
955	7467	0	Lit-BS-LT-17
7439	71538	0	Lit-BS-LT-17
100062353	7142	0	Lit-BS-LT-17
7045	71679	0	Lit-BS-LT-17
56783	2710	0	Lit-BS-LT-17
6970	5989	0	Lit-BS-LT-17
14149	2961	0	Lit-BS-LT-17
56382	359	0	Lit-BS-LT-17
4960	4960	1	Lit-BS-LT-17
6334	9704	0	Lit-BS-LT-17
100009791	5457	0	Lit-BS-LT-17
6129	53886	NA	Lit-BS-LT-17
9283	4251	0	Lit-BS-LT-17
5905	100000265	0	Lit-BS-LT-17
4044	71557	0	Lit-BS-LT-17
54069	54233	0	Lit-BS-LT-17
7792	7792	0	Lit-BS-LT-17
7587	2786	0	Lit-BS-LT-17
10945	100016002	0	Lit-BS-LT-17
14943	2352	0	Lit-BS-LT-17
7099	383	0	Lit-BS-LT-17
10394	10394	0	Lit-BS-LT-17
56049	732	0	Lit-BS-LT-17
4586	53934	0	Lit-BS-LT-17
11857	3120	0	Lit-BS-LT-17
1644	6449	0	Lit-BS-LT-17
7467	955	NA	Lit-BS-LT-17
3529	10385	0	Lit-BS-LT-17
100010648	56198	0	Lit-BS-LT-17
13611	6432	NA	Lit-BS-LT-17
5819	955	0	Lit-BS-LT-17
53767	955	0	Lit-BS-LT-17
7625	8626	0	Lit-BS-LT-17
52879	9285	0	Lit-BS-LT-17
3557	53216	0	Lit-BS-LT-17
801	53941	0	Lit-BS-LT-17
10857	3152	0	Lit-BS-LT-17
14027	8536	0	Lit-BS-LT-17
13827	10165	0	Lit-BS-LT-17
6435	2521	0	Lit-BS-LT-17
56109	8186	0	Lit-BS-LT-17
100069134	490	0	Lit-BS-LT-17
71160	6708	NA	Lit-BS-LT-17
52917	52917	0	Lit-BS-LT-17
533	100015982	0	Lit-BS-LT-17
383	7099	0	Lit-BS-LT-17
6768	7342	NA	Lit-BS-LT-17
6449	1644	0	Lit-BS-LT-17
6129	2004	0	Lit-BS-LT-17
8626	7625	0	Lit-BS-LT-17
71568	3951	0	Lit-BS-LT-17
10621	5746	0	Lit-BS-LT-17
10531	54436	0	Lit-BS-LT-17
100016002	10945	0	Lit-BS-LT-17
56268	71079	0	Lit-BS-LT-17
9895	7582	0	Lit-BS-LT-17
100009283	9694	0	Lit-BS-LT-17
55205	9627	0	Lit-BS-LT-17
54082	54082	0	Lit-BS-LT-17
3202	14994	0	Lit-BS-LT-17
100015528	5898	0	Lit-BS-LT-17
56335	3625	0	Lit-BS-LT-17
9704	12325	0	Lit-BS-LT-17
13598	100015528	0	Lit-BS-LT-17
6053	2786	0	Lit-BS-LT-17
13064	1661	0	Lit-BS-LT-17
8186	56109	0	Lit-BS-LT-17
71986	10256	0	Lit-BS-HT-17
915	72006	0	Lit-BS-HT-17
70204	5823	AA	Lit-BS-HT-17
3390	3183	NA	Lit-BS-HT-17
10711	4262	0	Lit-BS-HT-17
6733	9307	0	Lit-BS-HT-17
258	6319	0	Lit-BS-HT-17
4912	4263	0	Lit-BS-HT-17
56086	12474	0	Lit-BS-HT-17
4696	2261	0	Lit-BS-HT-17
100080502	5874	AA	Lit-BS-HT-17
5943	56696	NA	Lit-BS-HT-17
9256	6327	0	Lit-BS-HT-17
100080368	2491	NA	Lit-BS-HT-17
4010	2094	0	Lit-BS-HT-17
5140	12403	0	Lit-BS-HT-17
723	2455	0	Lit-BS-HT-17
2893	71672	0	Lit-BS-HT-17
100009673	5832	0	Lit-BS-HT-17
2455	723	NA	Lit-BS-HT-17
100008556	5949	0	Lit-BS-HT-17
100000049	8409	0	Lit-BS-HT-17
12403	5140	0	Lit-BS-HT-17
4019	2421	NA	Lit-BS-HT-17
5093	5673	1	Lit-BS-HT-17
7045	7524	0	Lit-BS-HT-17
10618	70079	NA	Lit-BS-HT-17
5004	10726	0	Lit-BS-HT-17
13352	156	0	Lit-BS-HT-17
2421	4019	NA	Lit-BS-HT-17
2064	8024	0	Lit-BS-HT-17
4262	10711	0	Lit-BS-HT-17
3990	5376	0	Lit-BS-HT-17
72059	7108	0	Lit-BS-HT-17
11938	100009897	AA	Lit-BS-HT-17
52773	100062227	0	Lit-BS-HT-17
839	10547	0	Lit-BS-HT-17
244	7221	0	Lit-BS-HT-17
10820	9931	0	Lit-BS-HT-17
10632	3782	0	Lit-BS-HT-17
10547	839	0	Lit-BS-HT-17
9764	2692	0	Lit-BS-HT-17
13022	100011288	NA	Lit-BS-HT-17
2424	6203	0	Lit-BS-HT-17
8141	100015986	NA	Lit-BS-HT-17
3952	56559	0	Lit-BS-HT-17
53934	4884	0	Lit-BS-HT-17
7301	3852	0	Lit-BS-HT-17
10840	100009783	0	Lit-BS-HT-17
3380	3681	0	Lit-BS-HT-17
402	12801	0	Lit-BS-HT-17
56609	5923	NA	Lit-BS-HT-17
5933	100001632	0	Lit-BS-HT-17
55203	5864	NA	Lit-BS-HT-17
11985	3715	0	Lit-BS-HT-17
5228	8205	0	Lit-BS-HT-17
53358	113	0	Lit-BS-HT-17
70513	10799	0	Lit-BS-HT-17
3557	143	0	Lit-BS-HT-17
269	7415	0	Lit-BS-HT-17
56351	12683	NA	Lit-BS-HT-17
2978	53934	0	Lit-BS-HT-17
100011288	13022	0	Lit-BS-HT-17
4808	10420	0	Lit-BS-HT-17
100009897	11938	0	Lit-BS-HT-17
100009669	10017	0	Lit-BS-HT-17
13259	714	0	Lit-BS-HT-17
9535	13561	NA	Lit-BS-HT-17
40080753	4691	NA	Lit-BS-HT-17
5832	100009673	0	Lit-BS-HT-17
5074	6727	0	Lit-BS-HT-17
7076	14239	0	Lit-BS-HT-17
7011	10846	NA	Lit-BS-HT-17
5001	11923	0	Lit-BS-HT-17
9650	13419	0	Lit-BS-HT-17
2468	100009669	0	Lit-BS-HT-17
12844	3021	0	Lit-BS-HT-17
12013	2486	0	Lit-BS-HT-17
11819	11090	0	Lit-BS-HT-17
53078	71587	NA	Lit-BS-HT-17
955	56157	0	Lit-BS-HT-17
242	562	0	Lit-BS-HT-17
100061946	3788	0	Lit-BS-HT-17
562	247	0	Lit-BS-HT-17
306	6784	0	Lit-BS-HT-17
4973	2836	0	Lit-BS-HT-17
13561	100009669	0	Lit-BS-HT-17
13378	100014585	0	Lit-BS-HT-17
6141	6784	0	Lit-BS-HT-17
13182	14758	0	Lit-BS-HT-17
5864	55203	0	Lit-BS-HT-17
8329	5105	0	Lit-BS-HT-17
12196	562	0	Lit-BS-HT-17
71965	14643	0	Lit-BS-HT-17
7807	1136	0	Lit-BS-HT-17
7268	54057	NA	Lit-BS-HT-17
14944	100016116	NA	Lit-BS-HT-17
100062227	3852	0	Lit-BS-HT-17
4884	53934	0	Lit-BS-HT-17
13598	113	0	Lit-BS-HT-17
6038	3898	0	Lit-BS-HT-17
55536	56344	0	Lit-BS-HT-17
9493	5270	0	Lit-BS-HT-17
100001632	4907	0	Lit-BS-HT-17
12686	100080502	1	Lit-BS-HT-17
5410	6055	0	Lit-BS-HT-17
54341	56696	0	Lit-BS-HT-17
1982	55213	0	Lit-BS-HT-17
71986	6072	0	Lit-BS-HT-17
1660	3733	0	Lit-BS-HT-17
53834	56582	NA	Lit-BS-HT-17
53713	56523	0	Lit-BS-HT-17
1136	7807	0	Lit-BS-HT-17
7123	7733	0	Lit-BS-HT-17
10705	100009829	NA	Lit-BS-HT-17
100062247	4533	0	Lit-BS-HT-17
6727	5074	0	Lit-BS-HT-17
14239	7076	0	Lit-BS-HT-17
100009829	10705	0	Lit-BS-HT-17
13228	13637	0	Lit-BS-HT-17
100001786	5923	0	Lit-BS-HT-17
5632	2595	0	Lit-BS-HT-17
53218	3788	1	Lit-BS-HT-17
3326	2983	0	Lit-BS-HT-17
143	3557	NA	Lit-BS-HT-17
2983	3326	0	Lit-BS-HT-17
5001	1170	0	Lit-BS-HT-17
6306	53767	0	Lit-BS-HT-17
2453	6873	0	Lit-BS-HT-17
55151	54364	0	Lit-BS-HT-17
8598	71264	0	Lit-BS-HT-17
5489	6488	0	Lit-BS-HT-17
3715	11985	0	Lit-BS-HT-17
7415	12880	0	Lit-BS-HT-17
152	3754	0	Lit-BS-HT-17
56523	53713	0	Lit-BS-HT-17
6327	9256	0	Lit-BS-HT-17
100009783	10840	0	Lit-BS-HT-17
4262	6607	0	Lit-BS-HT-17
12304	2127	NA	Lit-BS-HT-17
54057	7268	0	Lit-BS-HT-17
8010	13115	0	Lit-BS-HT-17
3990	2450	0	Lit-BS-HT-17
1601	421	0	Lit-BS-HT-17
1320	9620	0	Lit-BS-HT-17
56530	53872	0	Lit-BS-HT-17
4851	11882	0	Lit-BS-HT-17
6203	2424	0	Lit-BS-HT-17
2486	12013	0	Lit-BS-HT-17
12865	9241	0	Lit-BS-HT-17
4467	14543	0	Lit-BS-HT-17
3952	4262	0	Lit-BS-HT-17
3898	6038	0	Lit-BS-HT-17
11570	5353	0	Lit-BS-HT-17
53114	15067	0	Lit-BS-HT-17
3681	3380	AA	Lit-BS-HT-17
14975	2589	0	Lit-BS-HT-17
10663	5500	0	Lit-BS-HT-17
14413	100010778	AA	Lit-BS-HT-17
56582	53834	0	Lit-BS-HT-17
9498	4643	0	Lit-BS-HT-17
55213	1982	0	Lit-BS-HT-17
2393	5941	0	Lit-BS-HT-17
12480	2891	0	Lit-BS-HT-17
5425	3390	NA	Lit-BS-HT-17
54364	70286	0	Lit-BS-HT-17
8024	2064	0	Lit-BS-HT-17
1863	459	0	Lit-BS-HT-17
3970	12915	0	Lit-BS-HT-17
3733	1660	NA	Lit-BS-HT-17
3233	6430	0	Lit-BS-HT-17
421	1601	0	Lit-BS-HT-17
6868	9256	0	Lit-BS-HT-17
258	100062247	0	Lit-BS-HT-17
56344	55536	0	Lit-BS-HT-17
4997	10758	0	Lit-BS-HT-17
13451	12397	0	Lit-BS-HT-17
100009669	2468	0	Lit-BS-HT-17
100080502	12686	0	Lit-BS-HT-17
5823	70204	0	Lit-BS-HT-17
5353	11570	0	Lit-BS-HT-17
5251	4386	0	Lit-BS-HT-17
5074	2550	0	Lit-BS-HT-17
3709	2491	NA	Lit-BS-HT-17
100066431	2424	0	Lit-BS-HT-17
70513	100080764	0	Lit-BS-HT-17
10758	4997	0	Lit-BS-HT-17
6765	100009130	0	Lit-BS-HT-17
5001	10497	0	Lit-BS-HT-17
2550	5074	0	Lit-BS-HT-17
5699	4882	0	Lit-BS-HT-17
4262	1275	0	Lit-BS-HT-17
72129	4960	0	Lit-BS-HT-17
71965	4085	0	Lit-BS-HT-17
7776	14830	NA	Lit-BS-HT-17
14891	7485	0	Lit-BS-HT-17
562	242	0	Lit-BS-HT-17
10497	5001	0	Lit-BS-HT-17
10358	1037	AA	Lit-BS-HT-17
4960	72129	0	Lit-BS-HT-17
13561	9535	0	Lit-BS-HT-17
6197	7250	0	Lit-BS-HT-17
2589	14975	0	Lit-BS-HT-17
8680	100066738	NA	Lit-BS-HT-17
8508	100069944	0	Lit-BS-HT-17
4126	14413	NA	Lit-BS-HT-17
5376	3990	0	Lit-BS-HT-17
11706	1170	0	Lit-BS-HT-17
71289	10250	0	Lit-BS-HT-17
3365	100009081	0	Lit-BS-HT-17
56559	3952	0	Lit-BS-HT-17
100015523	1551	0	Lit-BS-HT-17
9931	10820	0	Lit-BS-HT-17
100011512	4755	0	Lit-BS-HT-17
9769	100005032	0	Lit-BS-HT-17
4882	5699	0	Lit-BS-HT-17
9293	72134	0	Lit-BS-HT-17
4533	100062247	0	Lit-BS-HT-17
5874	100080502	0	Lit-BS-HT-17
1968	9498	0	Lit-BS-HT-17
3852	7301	0	Lit-BS-HT-17
100069079	1983	0	Lit-BS-HT-17
7119	100014292	0	Lit-BS-HT-17
156	13352	0	Lit-BS-HT-17
100062247	258	0	Lit-BS-HT-17
100061660	100062472	NA	Lit-BS-HT-17
3207	100015984	0	Lit-BS-HT-17
100015231	6631	NA	Lit-BS-HT-17
6072	71986	0	Lit-BS-HT-17
100008177	71484	0	Lit-BS-HT-17
2127	12304	1	Lit-BS-HT-17
1551	100015523	0	Lit-BS-HT-17
53767	6306	0	Lit-BS-HT-17
3564	4265	0	Lit-BS-HT-17
11050	100080502	0	Lit-BS-HT-17
510	3207	0	Lit-BS-HT-17
14259	71136	0	Lit-BS-HT-17
279	3297	NA	Lit-BS-HT-17
6631	100015231	0	Lit-BS-HT-17
100010936	11800	0	Lit-BS-HT-17
12915	3970	0	Lit-BS-HT-17
5673	5093	0	Lit-BS-HT-17
8010	6669	0	Lit-BS-HT-17
72006	915	1	Lit-BS-HT-17
7562	7198	0	Lit-BS-HT-17
11090	11819	0	Lit-BS-HT-17
14878	2747	NA	Lit-BS-HT-17
10352	12559	0	Lit-BS-HT-17
100015986	8141	0	Lit-BS-HT-17
292	100080486	0	Lit-BS-HT-17
100009130	6765	0	Lit-BS-HT-17
4126	2920	NA	Lit-BS-HT-17
5105	8329	0	Lit-BS-HT-17
3782	10632	0	Lit-BS-HT-17
100067052	100080976	1	Lit-BS-HT-17
7087	3990	0	Lit-BS-HT-17
113	53358	0	Lit-BS-HT-17
10250	71289	0	Lit-BS-HT-17
247	562	0	Lit-BS-HT-17
56157	2931	0	Lit-BS-HT-17
6349	3838	0	Lit-BS-HT-17
2709	70529	0	Lit-BS-HT-17
2094	4010	0	Lit-BS-HT-17
4265	3564	NA	Lit-BS-HT-17
11966	5892	NA	Lit-BS-HT-17
7108	72059	0	Lit-BS-HT-17
10839	9734	0	Lit-BS-HT-17
634	56614	0	Lit-BS-HT-17
7066	54148	NA	Lit-BS-HT-17
3295	4072	0	Lit-BS-HT-17
14413	4126	0	Lit-BS-HT-17
3021	12844	0	Lit-BS-HT-17
2836	4973	0	Lit-BS-HT-17
2491	100080368	0	Lit-BS-HT-17
9498	1968	0	Lit-BS-HT-17
9307	6733	0	Lit-BS-HT-17
3852	100062227	0	Lit-BS-HT-17
7592	53219	0	Lit-BS-HT-17
3699	113	0	Lit-BS-HT-17
7485	14891	0	Lit-BS-HT-17
10726	5004	0	Lit-BS-HT-17
6607	4262	NA	Lit-BS-HT-17
9734	10839	0	Lit-BS-HT-17
13246	5001	0	Lit-BS-HT-17
13115	8010	0	Lit-BS-HT-17
100080502	11050	0	Lit-BS-HT-17
5949	100008556	0	Lit-BS-HT-17
9256	6868	0	Lit-BS-HT-17
5892	11966	0	Lit-BS-HT-17
12559	10352	AA	Lit-BS-HT-17
1884	6709	0	Lit-BS-HT-17
11800	100010936	0	Lit-BS-HT-17
53872	56530	0	Lit-BS-HT-17
1170	5001	0	Lit-BS-HT-17
7733	7123	0	Lit-BS-HT-17
53218	5923	0	Lit-BS-HT-17
6997	55511	0	Lit-BS-HT-17
100015982	257	0	Lit-BS-HT-17
6319	258	0	Lit-BS-HT-17
6180	3437	0	Lit-BS-HT-17
100009691	12635	0	Lit-BS-HT-17
4643	9498	0	Lit-BS-HT-17
5998	4683	0	Lit-BS-HT-17
11912	2424	0	Lit-BS-HT-17
100080976	100067052	0	Lit-BS-HT-17
1275	4262	0	Lit-BS-HT-17
100066738	8680	0	Lit-BS-HT-17
70286	54364	0	Lit-BS-HT-17
100016116	14944	0	Lit-BS-HT-17
6784	306	0	Lit-BS-HT-17
3120	7442	0	Lit-BS-HT-17
6488	5489	0	Lit-BS-HT-17
12635	100009691	0	Lit-BS-HT-17
3990	7087	0	Lit-BS-HT-17
72068	1433	0	Lit-BS-HT-17
71587	53078	NA	Lit-BS-HT-17
3515	1740	AA	Lit-BS-HT-17
100061543	7677	0	Lit-BS-HT-17
10256	71986	0	Lit-BS-HT-17
6709	1884	0	Lit-BS-HT-17
2931	56157	NA	Lit-BS-HT-17
9764	10616	0	Lit-BS-HT-17
13419	9650	0	Lit-BS-HT-17
55511	6997	0	Lit-BS-HT-17
12683	56351	NA	Lit-BS-HT-17
2261	4696	0	Lit-BS-HT-17
5025	3990	0	Lit-BS-HT-17
1358	2983	0	Lit-BS-HT-17
100068271	5516	0	Lit-BS-HT-17
100062472	100061660	0	Lit-BS-HT-17
14643	71965	AA	Lit-BS-HT-17
3207	510	0	Lit-BS-HT-17
56614	634	0	Lit-BS-HT-17
257	100015982	0	Lit-BS-HT-17
3030	915	NA	Lit-BS-HT-17
9980	2032	0	Lit-BS-HT-17
100014292	7119	0	Lit-BS-HT-17
4907	100001632	0	Lit-BS-HT-17
100009829	8887	0	Lit-BS-HT-17
2428	13748	0	Lit-BS-HT-17
12880	7415	0	Lit-BS-HT-17
8887	100009829	0	Lit-BS-HT-17
4158	333	NA	Lit-BS-HT-17
8205	5228	0	Lit-BS-HT-17
4085	71965	AA	Lit-BS-HT-17
11996	13710	NA	Lit-BS-HT-17
7959	4960	0	Lit-BS-HT-17
71672	2893	0	Lit-BS-HT-17
71484	100008177	0	Lit-BS-HT-17
7727	12900	0	Lit-BS-HT-17
71136	14259	0	Lit-BS-HT-17
71184	9159	0	Lit-BS-HT-17
7524	7045	0	Lit-BS-HT-17
110	386	0	Lit-BS-HT-17
3183	3390	NA	Lit-BS-HT-17
9864	12164	0	Lit-BS-HT-17
100010778	14413	0	Lit-BS-HT-17
100009669	13561	0	Lit-BS-HT-17
2450	3990	0	Lit-BS-HT-17
12801	402	0	Lit-BS-HT-17
100070169	100070169	0	Lit-BS-HT-17
1433	72068	AA	Lit-BS-HT-17
53219	7592	0	Lit-BS-HT-17
7415	269	0	Lit-BS-HT-17
113	3699	0	Lit-BS-HT-17
100015984	3207	0	Lit-BS-HT-17
292	282	0	Lit-BS-HT-17
10017	100009669	0	Lit-BS-HT-17
5001	13246	0	Lit-BS-HT-17
4262	3952	0	Lit-BS-HT-17
5516	100068271	0	Lit-BS-HT-17
11923	5001	0	Lit-BS-HT-17
71264	8598	0	Lit-BS-HT-17
7442	3120	0	Lit-BS-HT-17
562	12196	0	Lit-BS-HT-17
113	13598	0	Lit-BS-HT-17
14543	4467	0	Lit-BS-HT-17
6669	8010	NA	Lit-BS-HT-17
56157	955	NA	Lit-BS-HT-17
2920	4126	0	Lit-BS-HT-17
4755	100011512	0	Lit-BS-HT-17
2595	5632	0	Lit-BS-HT-17
3944	54731	0	Lit-BS-HT-17
53934	2978	0	Lit-BS-HT-17
11712	1164	0	Lit-BS-HT-17
70079	10618	NA	Lit-BS-HT-17
3437	6180	0	Lit-BS-HT-17
10420	4808	0	Lit-BS-HT-17
14374	100070165	0	Lit-BS-HT-17
333	4158	0	Lit-BS-HT-17
4683	5998	0	Lit-BS-HT-17
2491	3709	0	Lit-BS-HT-17
2424	11912	NA	Lit-BS-HT-17
100005032	9769	0	Lit-BS-HT-17
5923	56609	0	Lit-BS-HT-17
100001632	5933	0	Lit-BS-HT-17
12474	56086	0	Lit-BS-HT-17
54364	55151	0	Lit-BS-HT-17
4072	3295	0	Lit-BS-HT-17
54148	7066	0	Lit-BS-HT-17
1983	100069079	0	Lit-BS-HT-17
3966	53258	NA	Lit-NB-17
71850	12295	NA	Lit-NB-17
71319	71508	NA	Lit-NB-17
53193	100015121	0	Lit-NB-17
7342	72163	0	Lit-NB-17
3038	11914	NA	Lit-NB-17
100010705	7765	0	Lit-NB-17
55636	11517	0	Lit-NB-17
5887	5913	0	Lit-NB-17
2283	2541	0	Lit-NB-17
8905	2822	0	Lit-NB-17
2152	10312	0	Lit-NB-17
8403	3674	0	Lit-NB-17
54451	213	0	Lit-NB-17
5350	1734	0	Lit-NB-17
5244	100008918	NA	Lit-NB-17
1167	8065	0	Lit-NB-17
11611	100069839	0	Lit-NB-17
71193	7551	0	Lit-NB-17
3622	70757	0	Lit-NB-17
3328	53151	0	Lit-NB-17
3257	11361	0	Lit-NB-17
100015951	8450	0	Lit-NB-17
6523	55729	0	Lit-NB-17
2984	52903	0	Lit-NB-17
100011091	5920	NA	Lit-NB-17
100010017	3390	NA	Lit-NB-17
2541	100068170	0	Lit-NB-17
5957	100062305	0	Lit-NB-17
72126	100010572	0	Lit-NB-17
12010	11935	0	Lit-NB-17
100068202	4160	0	Lit-NB-17
1081	5512	0	Lit-NB-17
11305	7450	0	Lit-NB-17
6659	5968	0	Lit-NB-17
2586	100080797	0	Lit-NB-17
12974	10656	0	Lit-NB-17
53112	55899	0	Lit-NB-17
3657	14880	0	Lit-NB-17
7449	54142	0	Lit-NB-17
570	4032	0	Lit-NB-17
6903	1812	0	Lit-NB-17
5767	56356	0	Lit-NB-17
1967	12710	0	Lit-NB-17
71452	13320	0	Lit-NB-17
11174	71420	0	Lit-NB-17
10667	9969	0	Lit-NB-17
3152	3366	0	Lit-NB-17
9500	521	NA	Lit-NB-17
4544	6715	0	Lit-NB-17
5818	5519	0	Lit-NB-17
2000	100070165	0	Lit-NB-17
3970	100080388	0	Lit-NB-17
5066	11367	0	Lit-NB-17
1551	13596	0	Lit-NB-17
3858	14287	0	Lit-NB-17
1380	7925	0	Lit-NB-17
71484	2208	1	Lit-NB-17
100068511	54157	0	Lit-NB-17
7727	11926	0	Lit-NB-17
11474	2586	0	Lit-NB-17
53035	3794	0	Lit-NB-17
14673	5193	AA	Lit-NB-17
504	3332	0	Lit-NB-17
9371	13418	0	Lit-NB-17
54731	53898	NA	Lit-NB-17
8065	1167	0	Lit-NB-17
100070165	2000	1	Lit-NB-17
1734	5350	0	Lit-NB-17
11256	100069198	0	Lit-NB-17
11079	5897	0	Lit-NB-17
813	3677	0	Lit-NB-17
525	6947	0	Lit-NB-17
6947	525	0	Lit-NB-17
14287	3858	0	Lit-NB-17
13320	71452	0	Lit-NB-17
2413	3469	0	Lit-NB-17
12296	6886	0	Lit-NB-17
72129	6135	0	Lit-NB-17
5102	4635	0	Lit-NB-17
53898	54731	0	Lit-NB-17
1485	240	0	Lit-NB-17
53258	3966	0	Lit-NB-17
11305	14807	0	Lit-NB-17
14754	55074	0	Lit-NB-17
100016000	100066558	0	Lit-NB-17
100080638	56870	0	Lit-NB-17
4377	6347	0	Lit-NB-17
2084	100009997	0	Lit-NB-17
72153	12425	0	Lit-NB-17
71827	2684	0	Lit-NB-17
3662	52601	0	Lit-NB-17
624	100002501	0	Lit-NB-17
3366	3152	0	Lit-NB-17
10418	56677	0	Lit-NB-17
330	100080778	AA	Lit-NB-17
6221	56575	0	Lit-NB-17
4406	6966	0	Lit-NB-17
8012	12562	NA	Lit-NB-17
5225	5138	0	Lit-NB-17
71850	7226	NA	Lit-NB-17
1538	100064010	0	Lit-NB-17
10312	2152	AA	Lit-NB-17
2503	6984	0	Lit-NB-17
12885	13321	0	Lit-NB-17
4493	52774	0	Lit-NB-17
4007	12425	0	Lit-NB-17
71508	71319	0	Lit-NB-17
71193	4473	0	Lit-NB-17
70901	4893	0	Lit-NB-17
52601	3662	0	Lit-NB-17
10737	71467	0	Lit-NB-17
14515	3589	0	Lit-NB-17
421	71866	NA	Lit-NB-17
14272	1318	0	Lit-NB-17
3083	9625	0	Lit-NB-17
100014538	5317	0	Lit-NB-17
13842	9831	0	Lit-NB-17
2883	6984	0	Lit-NB-17
100011091	5788	0	Lit-NB-17
13648	53071	0	Lit-NB-17
100009997	2084	0	Lit-NB-17
6175	100015231	0	Lit-NB-17
55855	6659	0	Lit-NB-17
4635	5102	0	Lit-NB-17
13125	9739	0	Lit-NB-17
4018	100080638	0	Lit-NB-17
14880	3657	0	Lit-NB-17
3336	13735	0	Lit-NB-17
295	12727	0	Lit-NB-17
55899	71933	0	Lit-NB-17
2586	11474	0	Lit-NB-17
2214	4850	0	Lit-NB-17
5317	100014538	0	Lit-NB-17
11935	12010	0	Lit-NB-17
11830	100000034	0	Lit-NB-17
5105	13306	0	Lit-NB-17
71420	11174	NA	Lit-NB-17
7445	11805	0	Lit-NB-17
6886	12296	NA	Lit-NB-17
10390	10859	0	Lit-NB-17
6560	11729	0	Lit-NB-17
13735	3336	0	Lit-NB-17
13418	9371	0	Lit-NB-17
2598	130	0	Lit-NB-17
5979	14176	0	Lit-NB-17
5749	70930	0	Lit-NB-17
54692	3788	0	Lit-NB-17
5109	12245	0	Lit-NB-17
7925	8102	0	Lit-NB-17
3836	404	0	Lit-NB-17
7836	100008545	0	Lit-NB-17
11374	388	0	Lit-NB-17
10840	1568	NA	Lit-NB-17
14807	11305	0	Lit-NB-17
3203	100080638	0	Lit-NB-17
9969	10667	0	Lit-NB-17
9831	13842	0	Lit-NB-17
4892	100066353	0	Lit-NB-17
55801	143	NA	Lit-NB-17
2656	71224	1	Lit-NB-17
4605	2397	0	Lit-NB-17
5985	6835	0	Lit-NB-17
5930	70857	0	Lit-NB-17
5607	14487	0	Lit-NB-17
71866	421	0	Lit-NB-17
3699	1437	0	Lit-NB-17
921	8895	0	Lit-NB-17
70214	14191	0	Lit-NB-17
693	7710	0	Lit-NB-17
3390	100010017	NA	Lit-NB-17
10158	71311	AA	Lit-NB-17
2968	53115	0	Lit-NB-17
9739	13125	0	Lit-NB-17
6244	71850	NA	Lit-NB-17
2684	71827	0	Lit-NB-17
6097	55309	0	Lit-NB-17
100008379	3893	0	Lit-NB-17
12562	8012	0	Lit-NB-17
1568	10840	0	Lit-NB-17
71224	2656	0	Lit-NB-17
52903	2984	0	Lit-NB-17
891	143	0	Lit-NB-17
226	3177	0	Lit-NB-17
100062305	5957	0	Lit-NB-17
7004	100068202	0	Lit-NB-17
143	100011561	NA	Lit-NB-17
521	9500	NA	Lit-NB-17
10490	100008545	0	Lit-NB-17
2459	100008578	0	Lit-NB-17
12295	71850	0	Lit-NB-17
11914	3038	0	Lit-NB-17
1812	6903	0	Lit-NB-17
100068202	7847	0	Lit-NB-17
745	4595	0	Lit-NB-17
240	1485	0	Lit-NB-17
56787	5317	0	Lit-NB-17
10088	52879	0	Lit-NB-17
6337	2710	0	Lit-NB-17
9630	100069056	0	Lit-NB-17
6135	72129	0	Lit-NB-17
4366	100070227	0	Lit-NB-17
12311	72	0	Lit-NB-17
3893	100008379	0	Lit-NB-17
100069056	9630	NA	Lit-NB-17
11361	3257	0	Lit-NB-17
7450	11305	NA	Lit-NB-17
3515	71334	0	Lit-NB-17
3292	12885	0	Lit-NB-17
10267	56165	0	Lit-NB-17
14368	9820	0	Lit-NB-17
6514	12051	0	Lit-NB-17
13596	1551	0	Lit-NB-17
4595	745	0	Lit-NB-17
5788	100011091	NA	Lit-NB-17
71850	6244	NA	Lit-NB-17
11798	55154	0	Lit-NB-17
100069839	11611	0	Lit-NB-17
1528	71075	0	Lit-NB-17
1363	100067052	0	Lit-NB-17
7847	100068202	0	Lit-NB-17
11729	10078	0	Lit-NB-17
56870	100080638	0	Lit-NB-17
14423	2857	0	Lit-NB-17
404	3836	0	Lit-NB-17
9625	3083	NA	Lit-NB-17
4621	6135	0	Lit-NB-17
9326	54589	AA	Lit-NB-17
12885	3292	0	Lit-NB-17
12727	295	0	Lit-NB-17
8895	921	0	Lit-NB-17
4160	100068202	0	Lit-NB-17
5138	5225	NA	Lit-NB-17
71890	13748	0	Lit-NB-17
100068511	100068511	0	Lit-NB-17
52879	10088	0	Lit-NB-17
803	4477	NA	Lit-NB-17
10859	10390	NA	Lit-NB-17
10737	3571	0	Lit-NB-17
6984	2883	0	Lit-NB-17
143	891	NA	Lit-NB-17
14058	14058	0	Lit-NB-17
4810	70679	0	Lit-NB-17
100009982	10155	0	Lit-NB-17
100080614	4544	0	Lit-NB-17
2687	8065	0	Lit-NB-17
2541	2283	0	Lit-NB-17
100008545	10490	0	Lit-NB-17
11805	7445	0	Lit-NB-17
100069136	14891	0	Lit-NB-17
1437	3699	0	Lit-NB-17
7765	100010705	0	Lit-NB-17
3332	504	NA	Lit-NB-17
56677	10418	NA	Lit-NB-17
14292	100011241	0	Lit-NB-17
10078	11729	0	Lit-NB-17
14115	5158	0	Lit-NB-17
100080638	4018	0	Lit-NB-17
55899	53112	0	Lit-NB-17
13321	12885	0	Lit-NB-17
5526	4533	0	Lit-NB-17
4032	570	0	Lit-NB-17
5317	56787	0	Lit-NB-17
8010	12196	0	Lit-NB-17
11930	100011238	0	Lit-NB-17
5158	14115	0	Lit-NB-17
1318	14272	0	Lit-NB-17
70679	4810	0	Lit-NB-17
14891	100069136	0	Lit-NB-17
14191	70214	0	Lit-NB-17
3120	100006572	0	Lit-NB-17
13735	365	0	Lit-NB-17
100011238	11930	0	Lit-NB-17
4850	2214	0	Lit-NB-17
55729	6523	NA	Lit-NB-17
9468	4728	0	Lit-NB-17
5913	5887	0	Lit-NB-17
55030	2058	NA	Lit-NB-17
1960	3288	0	Lit-NB-17
7925	1380	0	Lit-NB-17
3677	813	0	Lit-NB-17
7463	100010020	0	Lit-NB-17
850	2004	0	Lit-NB-17
3370	4723	0	Lit-NB-17
4473	71193	0	Lit-NB-17
71645	5912	0	Lit-NB-17
917	7925	0	Lit-NB-17
14996	6694	0	Lit-NB-17
3177	226	0	Lit-NB-17
10155	100009982	0	Lit-NB-17
6241	14891	0	Lit-NB-17
54220	100066416	0	Lit-NB-17
71933	55899	0	Lit-NB-17
100068170	2541	0	Lit-NB-17
11063	5317	0	Lit-NB-17
70275	7463	0	Lit-NB-17
143	11797	0	Lit-NB-17
38	2214	NA	Lit-NB-17
365	13735	0	Lit-NB-17
56356	5767	0	Lit-NB-17
100010020	7463	1	Lit-NB-17
4723	3370	NA	Lit-NB-17
13306	5105	0	Lit-NB-17
13131	6191	0	Lit-NB-17
100002067	4012	0	Lit-NB-17
12425	4007	0	Lit-NB-17
8450	100015951	0	Lit-NB-17
54258	3528	0	Lit-NB-17
72128	10312	0	Lit-NB-17
100070227	4366	0	Lit-NB-17
100068202	7004	0	Lit-NB-17
53071	13648	0	Lit-NB-17
11305	9926	0	Lit-NB-17
7226	71850	0	Lit-NB-17
100064010	1538	0	Lit-NB-17
14891	6241	0	Lit-NB-17
10799	839	0	Lit-NB-17
100061944	56677	0	Lit-NB-17
6659	55855	0	Lit-NB-17
5968	6659	0	Lit-NB-17
9104	10069	0	Lit-NB-17
8117	12330	0	Lit-NB-17
71075	1528	0	Lit-NB-17
70757	3622	0	Lit-NB-17
52774	4493	0	Lit-NB-17
839	10799	0	Lit-NB-17
14757	499	NA	Lit-NB-17
14620	5135	0	Lit-NB-17
100080797	2586	0	Lit-NB-17
9926	11305	0	Lit-NB-17
13748	71890	0	Lit-NB-17
56165	10267	NA	Lit-NB-17
2822	8905	0	Lit-NB-17
2710	6337	0	Lit-NB-17
100008918	5244	0	Lit-NB-17
55205	56870	0	Lit-NB-17
4533	5526	0	Lit-NB-17
5920	100011091	0	Lit-NB-17
55074	14754	0	Lit-NB-17
1967	55165	0	Lit-NB-17
11797	143	0	Lit-NB-17
71311	10158	0	Lit-NB-17
53151	3328	0	Lit-NB-17
3469	2413	0	Lit-NB-17
10846	100008738	0	Lit-NB-17
56870	55205	0	Lit-NB-17
499	14757	NA	Lit-NB-17
6835	5985	0	Lit-NB-17
4544	100080614	0	Lit-NB-17
100006572	3120	0	Lit-NB-17
12051	6514	NA	Lit-NB-17
54157	100068511	0	Lit-NB-17
2004	850	0	Lit-NB-17
5135	14620	0	Lit-NB-17
3700	5516	0	Lit-NB-17
100066416	54220	NA	Lit-NB-17
7372	9955	0	Lit-NB-17
6984	2503	0	Lit-NB-17
14487	5607	0	Lit-NB-17
34	9681	0	Lit-NB-17
10059	100069060	0	Lit-NB-17
55309	6097	0	Lit-NB-17
100008545	7836	0	Lit-NB-17
100080388	3970	0	Lit-NB-17
8065	2687	0	Lit-NB-17
3794	53035	0	Lit-NB-17
7551	71193	0	Lit-NB-17
70930	5749	0	Lit-NB-17
902	612	0	Lit-NB-17
100064147	4263	0	Lit-NB-17
10879	61	0	Lit-NB-17
14737	3600	0	Lit-NB-17
6966	4406	0	Lit-NB-17
3155	3155	0	Lit-NB-17
10069	9104	0	Lit-NB-17
56361	14891	0	Lit-NB-17
6191	13131	NA	Lit-NB-17
100080638	3203	0	Lit-NB-17
4728	9468	0	Lit-NB-17
2565	100010135	0	Lit-NB-17
100008738	10846	NA	Lit-NB-17
2208	71484	1	Lit-NB-17
8102	7925	NA	Lit-NB-17
5317	11063	0	Lit-NB-17
11517	55636	0	Lit-NB-17
11316	4772	0	Lit-NB-17
100067052	1363	0	Lit-NB-17
14891	56361	0	Lit-NB-17
612	902	0	Lit-NB-17
56808	3105	0	Lit-NB-17
100062004	70353	0	Lit-NB-17
3288	1960	0	Lit-NB-17
388	11374	0	Lit-NB-17
6796	3019	0	Lit-NB-17
14176	5979	0	Lit-NB-17
6347	4377	0	Lit-NB-17
5912	71645	0	Lit-NB-17
4263	100064147	1	Lit-NB-17
12196	8010	0	Lit-NB-17
72163	7342	0	Lit-NB-17
5193	14673	0	Lit-NB-17
5109	5903	0	Lit-NB-17
3895	8905	0	Lit-NB-17
100069060	10059	0	Lit-NB-17
11367	5066	1	Lit-NB-17
53008	4595	0	Lit-NB-17
7463	70275	0	Lit-NB-17
52848	9763	0	Lit-NB-17
3528	54258	0	Lit-NB-17
56858	8945	0	Lit-NB-17
10656	12974	0	Lit-NB-17
56575	6221	0	Lit-NB-17
6715	4544	0	Lit-NB-17
3019	6796	0	Lit-NB-17
100011561	143	0	Lit-NB-17
13775	5957	0	Lit-NB-17
4772	11316	0	Lit-NB-17
4595	53008	0	Lit-NB-17
11972	11972	0	Lit-NB-17
11866	11505	0	Lit-BM-13
7938	6970	0	Lit-BM-13
3852	71314	0	Lit-BM-13
1136	9116	0	Lit-BM-13
7589	3715	0	Lit-BM-13
56916	5923	0	Lit-BM-13
13813	54130	0	Lit-BM-13
2738	100070020	NA	Lit-BM-13
2507	2261	0	Lit-BM-13
9535	120	0	Lit-BM-13
5651	8407	0	Lit-BM-13
54212	52917	0	Lit-BM-13
5073	7630	0	Lit-BM-13
56919	10280	0	Lit-BM-13
6997	53045	NA	Lit-BM-13
14063	100069073	0	Lit-BM-13
10016	5989	0	Lit-BM-13
13130	100010671	0	Lit-BM-13
5998	3120	0	Lit-BM-13
54816	2633	0	Lit-BM-13
12098	9124	0	Lit-BM-13
5280	4899	0	Lit-BM-13
100070020	13956	0	Lit-BM-13
7894	1430	0	Lit-BM-13
71021	11103	0	Lit-BM-13
10794	6297	0	Lit-BM-13
538	14894	0	Lit-BM-13
113	8127	0	Lit-BM-13
10357	100009114	0	Lit-BM-13
3120	5998	0	Lit-BM-13
10036	208	0	Lit-BM-13
9747	3529	0	Lit-BM-13
55703	1797	0	Lit-BM-13
12631	100068256	0	Lit-BM-13
12304	9215	0	Lit-BM-13
4126	5597	NA	Lit-BM-13
4044	12090	0	Lit-BM-13
1341	3777	0	Lit-BM-13
3782	100068511	0	Lit-BM-13
3723	71930	1	Lit-BM-13
966	6512	0	Lit-BM-13
7587	48	NA	Lit-BM-13
7088	11800	0	Lit-BM-13
14210	35	0	Lit-BM-13
9924	12346	0	Lit-BM-13
6512	966	0	Lit-BM-13
2709	100061861	0	Lit-BM-13
100009797	6912	0	Lit-BM-13
12865	53867	0	Lit-BM-13
2261	2507	0	Lit-BM-13
54905	56067	0	Lit-BM-13
54130	13813	0	Lit-BM-13
71311	5029	0	Lit-BM-13
11579	421	0	Lit-BM-13
11376	100067288	0	Lit-BM-13
70844	8321	0	Lit-BM-13
3529	9747	0	Lit-BM-13
6835	4004	0	Lit-BM-13
100015528	53326	AA	Lit-BM-13
257	54551	0	Lit-BM-13
4899	5280	0	Lit-BM-13
100009344	13710	NA	Lit-BM-13
4613	4262	0	Lit-BM-13
2427	7547	1	Lit-BM-13
9215	12304	0	Lit-BM-13
12504	4265	1	Lit-BM-13
12346	9924	0	Lit-BM-13
12257	100008214	0	Lit-BM-13
8201	100068974	0	Lit-BM-13
11800	7088	0	Lit-BM-13
71133	229	0	Lit-BM-13
3700	5516	0	Lit-BM-13
100067277	6221	0	Lit-BM-13
7515	55531	0	Lit-BM-13
7372	8905	0	Lit-BM-13
15065	56155	0	Lit-BM-13
3469	9270	0	Lit-BM-13
611	4662	0	Lit-BM-13
13813	100000052	0	Lit-BM-13
2448	100069237	0	Lit-BM-13
4200	1735	0	Lit-BM-13
4015	113	0	Lit-BM-13
100069132	56225	0	Lit-BM-13
7763	13373	0	Lit-BM-13
71003	3330	0	Lit-BM-13
3715	7589	0	Lit-BM-13
7547	2427	NA	Lit-BM-13
70922	12346	0	Lit-BM-13
100066551	56245	0	Lit-BM-13
10876	2697	0	Lit-BM-13
229	71133	0	Lit-BM-13
3330	71003	0	Lit-BM-13
147	5105	0	Lit-BM-13
3267	12963	0	Lit-BM-13
10493	53077	0	Lit-BM-13
48	11100	0	Lit-BM-13
6768	4660	0	Lit-BM-13
56248	10163	0	Lit-BM-13
2697	10280	0	Lit-BM-13
6003	6449	0	Lit-BM-13
4361	9000	0	Lit-BM-13
10799	55199	0	Lit-BM-13
6970	7938	0	Lit-BM-13
388	9130	0	Lit-BM-13
100009264	13956	0	Lit-BM-13
4573	4573	0	Lit-BM-13
9124	7157	0	Lit-BM-13
8127	113	0	Lit-BM-13
5181	5181	NA	Lit-BM-13
71438	14287	0	Lit-BM-13
11563	8274	1	Lit-BM-13
70370	1392	NA	Lit-BM-13
10280	2697	0	Lit-BM-13
14374	52920	0	Lit-BM-13
6151	9000	0	Lit-BM-13
2633	54816	0	Lit-BM-13
2424	8578	0	Lit-BM-13
5029	71311	1	Lit-BM-13
71314	3852	0	Lit-BM-13
53021	3117	0	Lit-BM-13
56886	1485	0	Lit-BM-13
164	53687	0	Lit-BM-13
346	100009114	0	Lit-BM-13
5140	8811	0	Lit-BM-13
71930	3723	1	Lit-BM-13
1058	53922	0	Lit-BM-13
56919	9643	0	Lit-BM-13
35	14210	0	Lit-BM-13
9868	9868	0	Lit-BM-13
4956	1689	0	Lit-BM-13
2688	5599	0	Lit-BM-13
2403	13442	0	Lit-BM-13
4242	100015531	0	Lit-BM-13
8274	11563	NA	Lit-BM-13
5280	3653	0	Lit-BM-13
100070227	1008	0	Lit-BM-13
100070020	2738	0	Lit-BM-13
100069198	100069198	0	Lit-BM-13
11100	48	0	Lit-BM-13
3428	6885	0	Lit-BM-13
113	4015	0	Lit-BM-13
13547	3625	0	Lit-BM-13
6197	3192	1	Lit-BM-13
6129	8795	NA	Lit-BM-13
55702	392	0	Lit-BM-13
12624	100070216	0	Lit-BM-13
8504	7045	0	Lit-BM-13
4126	4126	NA	Lit-BM-13
8112	9581	NA	Lit-BM-13
10935	10935	0	Lit-BM-13
14894	538	0	Lit-BM-13
6808	1641	0	Lit-BM-13
9764	1688	0	Lit-BM-13
4265	12504	NA	Lit-BM-13
4066	4955	1	Lit-BM-13
53934	4623	0	Lit-BM-13
11786	14210	0	Lit-BM-13
100069073	14063	NA	Lit-BM-13
71168	13227	0	Lit-BM-13
3023	3023	0	Lit-BM-13
100010599	100010599	0	Lit-BM-13
6221	100067277	0	Lit-BM-13
56067	54905	NA	Lit-BM-13
9637	70281	0	Lit-BM-13
13227	71168	0	Lit-BM-13
72213	72167	0	Lit-BM-13
4004	6835	0	Lit-BM-13
11800	6612	0	Lit-BM-13
1045	915	0	Lit-BM-13
107	14170	0	Lit-BM-13
5951	5951	0	Lit-BM-13
8407	5651	0	Lit-BM-13
12070	9794	NA	Lit-BM-13
7980	7980	0	Lit-BM-13
1180	100011238	0	Lit-BM-13
3267	2778	0	Lit-BM-13
113	2663	0	Lit-BM-13
3154	3505	0	Lit-BM-13
56245	100066551	NA	Lit-BM-13
9643	56919	0	Lit-BM-13
55885	2713	0	Lit-BM-13
100009114	10357	AA	Lit-BM-13
6003	839	1	Lit-BM-13
5898	6439	0	Lit-BM-13
8617	55086	0	Lit-BM-13
54551	257	0	Lit-BM-13
54031	8542	0	Lit-BM-13
71732	2660	0	Lit-BM-13
53590	966	NA	Lit-BM-13
53077	10493	0	Lit-BM-13
6885	3428	NA	Lit-BM-13
100016000	5890	1	Lit-BM-13
14170	107	0	Lit-BM-13
55703	54233	0	Lit-BM-13
9581	8112	0	Lit-BM-13
4662	611	0	Lit-BM-13
13177	6492	0	Lit-BM-13
5970	11786	0	Lit-BM-13
100002387	71141	0	Lit-BM-13
9116	1136	0	Lit-BM-13
5109	4887	0	Lit-BM-13
7684	2483	0	Lit-BM-13
52987	3267	NA	Lit-BM-13
100061562	6221	0	Lit-BM-13
6912	100009797	0	Lit-BM-13
55531	7515	0	Lit-BM-13
100000475	13748	0	Lit-BM-13
8811	5140	0	Lit-BM-13
53326	100015528	0	Lit-BM-13
71314	2863	0	Lit-BM-13
1008	100070227	0	Lit-BM-13
653	4544	1	Lit-BM-13
100010671	13130	0	Lit-BM-13
2663	113	0	Lit-BM-13
4489	10823	1	Lit-BM-13
12358	12358	0	Lit-BM-13
5073	6976	0	Lit-BM-13
7959	9477	0	Lit-BM-13
53366	100066371	0	Lit-BM-13
71141	100002387	0	Lit-BM-13
100067288	11376	0	Lit-BM-13
53045	6997	0	Lit-BM-13
208	10036	1	Lit-BM-13
421	11579	0	Lit-BM-13
3154	71517	0	Lit-BM-13
10163	56248	0	Lit-BM-13
6696	6696	0	Lit-BM-13
6439	5898	NA	Lit-BM-13
5989	10016	0	Lit-BM-13
12090	4044	0	Lit-BM-13
100070216	12624	0	Lit-BM-13
71385	5246	0	Lit-BM-13
11505	11866	0	Lit-BM-13
11285	14754	0	Lit-BM-13
52917	54212	NA	Lit-BM-13
902	11729	0	Lit-BM-13
70281	9637	0	Lit-BM-13
732	7108	0	Lit-BM-13
231	100011435	1	Lit-BM-13
6452	70281	0	Lit-BM-13
4645	10891	0	Lit-BM-13
12963	3267	0	Lit-BM-13
55199	10799	0	Lit-BM-13
2348	2455	0	Lit-BM-13
4262	4613	0	Lit-BM-13
3930	6432	0	Lit-BM-13
11826	2715	NA	Lit-BM-13
3722	5484	0	Lit-BM-13
3653	5280	0	Lit-BM-13
100064165	3192	0	Lit-BM-13
615	100011230	0	Lit-BM-13
100016179	7119	0	Lit-BM-13
6492	13177	0	Lit-BM-13
9764	1571	0	Lit-BM-13
9130	388	0	Lit-BM-13
8795	6129	0	Lit-BM-13
1641	6808	0	Lit-BM-13
71829	6976	0	Lit-BM-13
11786	5970	0	Lit-BM-13
100068256	12631	0	Lit-BM-13
7587	52987	0	Lit-BM-13
915	1045	0	Lit-BM-13
100066371	53366	0	Lit-BM-13
13956	100070020	NA	Lit-BM-13
13777	54455	0	Lit-BM-13
6221	100061562	1	Lit-BM-13
2713	55885	0	Lit-BM-13
5923	56916	0	Lit-BM-13
5599	2688	0	Lit-BM-13
100068511	3782	0	Lit-BM-13
14543	14543	0	Lit-BM-13
107	9628	0	Lit-BM-13
420	72151	0	Lit-BM-13
3154	54157	0	Lit-BM-13
2863	71314	0	Lit-BM-13
4623	53934	0	Lit-BM-13
5652	1904	0	Lit-BM-13
54455	13777	0	Lit-BM-13
5246	71385	0	Lit-BM-13
1689	4956	0	Lit-BM-13
1563	8208	0	Lit-BM-13
71704	71587	0	Lit-BM-13
3708	71385	0	Lit-BM-13
2773	3724	NA	Lit-BM-13
2455	2348	NA	Lit-BM-13
2339	2339	0	Lit-BM-13
54816	7918	0	Lit-BM-13
4115	71566	0	Lit-BM-13
100067498	3625	0	Lit-BM-13
11103	71021	0	Lit-BM-13
10889	71051	0	Lit-BM-13
14754	11285	0	Lit-BM-13
14592	14592	0	Lit-BM-13
6555	14287	0	Lit-BM-13
56257	52690	NA	Lit-BM-13
13710	100009344	0	Lit-BM-13
56155	15065	0	Lit-BM-13
100011230	615	NA	Lit-BM-13
9628	107	0	Lit-BM-13
13373	7763	0	Lit-BM-13
4660	6768	NA	Lit-BM-13
72151	420	0	Lit-BM-13
53922	1058	0	Lit-BM-13
100069237	2448	0	Lit-BM-13
3822	4124	0	Lit-BM-13
11550	100000459	0	Lit-BM-13
966	53590	0	Lit-BM-13
14210	11786	0	Lit-BM-13
100009283	100068511	NA	Lit-BM-13
5980	100069121	0	Lit-BM-13
9293	5192	0	Lit-BM-13
72167	72213	0	Lit-BM-13
5109	54902	NA	Lit-BM-13
3902	9587	0	Lit-BM-13
53687	164	0	Lit-BM-13
11729	902	0	Lit-BM-13
6976	71829	0	Lit-BM-13
100015531	4242	0	Lit-BM-13
2660	71732	0	Lit-BM-13
4687	11805	1	Lit-BM-13
9504	13628	0	Lit-BM-13
4489	5638	0	Lit-BM-13
100069094	100011223	0	Lit-BM-13
100068511	100009283	0	Lit-BM-13
7157	9124	0	Lit-BM-13
200	71385	0	Lit-BM-13
100015317	8010	0	Lit-BM-13
6612	11800	0	Lit-BM-13
56353	56353	0	Lit-BM-13
6297	10794	0	Lit-BM-13
12900	12900	0	Lit-BM-13
1904	5652	0	Lit-BM-13
1735	4200	0	Lit-BM-13
1586	11474	NA	Lit-BM-13
71566	4115	0	Lit-BM-13
71385	3708	0	Lit-BM-13
71003	10493	0	Lit-BM-13
3625	100067498	NA	Lit-BM-13
52690	56257	0	Lit-BM-13
70281	6452	0	Lit-BM-13
3267	52987	0	Lit-BM-13
10493	71003	0	Lit-BM-13
14287	71438	0	Lit-BM-13
3117	53021	1	Lit-BM-13
2778	3267	0	Lit-BM-13
2697	10876	0	Lit-BM-13
9270	3469	0	Lit-BM-13
100000052	13813	0	Lit-BM-13
4124	3822	0	Lit-BM-13
3985	9987	0	Lit-BM-13
5105	147	0	Lit-BM-13
3774	56400	0	Lit-BM-13
71056	752	0	Lit-BM-13
3510	11643	0	Lit-BM-13
14597	14754	0	Lit-BM-13
100016179	3330	0	Lit-BM-13
100011238	1180	0	Lit-BM-13
9124	12098	0	Lit-BM-13
8329	8329	0	Lit-BM-13
8010	100015317	0	Lit-BM-13
7918	54816	0	Lit-BM-13
7587	52905	NA	Lit-BM-13
3674	55210	0	Lit-BM-13
7108	732	0	Lit-BM-13
3368	54150	0	Lit-BM-13
120	9535	0	Lit-BM-13
10280	56919	0	Lit-BM-13
13956	100009264	0	Lit-BM-13
9794	12070	0	Lit-BM-13
55210	3674	0	Lit-BM-13
4469	100008432	0	Lit-BM-13
55086	8617	0	Lit-BM-13
8578	2424	0	Lit-BM-13
5597	4126	0	Lit-BM-13
